-0 2.0136 -0.13 0 -0 1 0 0
-0.0401722 2.0136 -0.123637 0.309017 -0 0.951057 0.05 0
-0.0764121 2.0136 -0.105172 0.587785 -0 0.809017 0.1 0
-0.105172 2.0136 -0.0764121 0.809017 -0 0.587785 0.15 0
-0.123637 2.0136 -0.0401722 0.951057 -0 0.309017 0.2 0
-0.13 2.0136 5.68248e-09 1 -0 -4.37114e-08 0.25 0
-0.123637 2.0136 0.0401722 0.951056 -0 -0.309017 0.3 0
-0.105172 2.0136 0.0764121 0.809017 -0 -0.587785 0.35 0
-0.0764121 2.0136 0.105172 0.587785 -0 -0.809017 0.4 0
-0.0401722 2.0136 0.123637 0.309017 -0 -0.951057 0.45 0
4.23594e-08 2.0136 0.13 -3.25841e-07 -0 -1 0.5 0
0.0401723 2.0136 0.123637 -0.309017 -0 -0.951056 0.55 0
0.0764121 2.0136 0.105172 -0.587786 -0 -0.809017 0.6 0
0.105172 2.0136 0.076412 -0.809017 -0 -0.587785 0.65 0
0.123637 2.0136 0.0401721 -0.951057 -0 -0.309016 0.7 0
0.13 2.0136 -1.25528e-07 -1 -0 9.65599e-07 0.75 0
0.123637 2.0136 -0.0401723 -0.951056 -0 0.309018 0.8 0
0.105172 2.0136 -0.0764122 -0.809016 -0 0.587786 0.85 0
0.0764119 2.0136 -0.105172 -0.587784 -0 0.809018 0.9 0
0.040172 2.0136 -0.123637 -0.309016 -0 0.951057 0.95 0
-2.08696e-07 2.0136 -0.13 1.60536e-06 -0 1 1 0
-0 1.96418 -0.121826 0 -0 1 0 0.025
-0.0376462 1.96418 -0.115863 0.309017 -0 0.951057 0.05 0.025
-0.0716074 1.96418 -0.0985591 0.587785 -0 0.809017 0.1 0.025
-0.0985591 1.96418 -0.0716074 0.809017 -0 0.587785 0.15 0.025
-0.115863 1.96418 -0.0376462 0.951057 -0 0.309017 0.2 0.025
-0.121826 1.96418 5.32517e-09 1 -0 -4.37114e-08 0.25 0.025
-0.115863 1.96418 0.0376462 0.951056 -0 -0.309017 0.3 0.025
-0.0985591 1.96418 0.0716074 0.809017 -0 -0.587785 0.35 0.025
-0.0716074 1.96418 0.0985591 0.587785 -0 -0.809017 0.4 0.025
-0.0376462 1.96418 0.115863 0.309017 -0 -0.951057 0.45 0.025
3.96959e-08 1.96418 0.121826 -3.25841e-07 -0 -1 0.5 0.025
0.0376463 1.96418 0.115863 -0.309017 -0 -0.951056 0.55 0.025
0.0716074 1.96418 0.098559 -0.587786 -0 -0.809017 0.6 0.025
0.0985591 1.96418 0.0716073 -0.809017 -0 -0.587785 0.65 0.025
0.115863 1.96418 0.0376461 -0.951057 -0 -0.309016 0.7 0.025
0.121826 1.96418 -1.17635e-07 -1 -0 9.65599e-07 0.75 0.025
0.115863 1.96418 -0.0376463 -0.951056 -0 0.309018 0.8 0.025
0.098559 1.96418 -0.0716075 -0.809016 -0 0.587786 0.85 0.025
0.0716072 1.96418 -0.0985592 -0.587784 -0 0.809018 0.9 0.025
0.0376461 1.96418 -0.115863 -0.309016 -0 0.951057 0.95 0.025
-1.95574e-07 1.96418 -0.121826 1.60536e-06 -0 1 1 0.025
-0 1.91533 -0.114324 0 -0 1 0 0.05
-0.035328 1.91533 -0.108728 0.309017 -0 0.951057 0.05 0.05
-0.0671978 1.91533 -0.0924899 0.587785 -0 0.809017 0.1 0.05
-0.0924899 1.91533 -0.0671978 0.809017 -0 0.587785 0.15 0.05
-0.108728 1.91533 -0.035328 0.951057 -0 0.309017 0.2 0.05
-0.114324 1.91533 4.99725e-09 1 -0 -4.37114e-08 0.25 0.05
-0.108728 1.91533 0.035328 0.951056 -0 -0.309017 0.3 0.05
-0.0924899 1.91533 0.0671978 0.809017 -0 -0.587785 0.35 0.05
-0.0671978 1.91533 0.0924899 0.587785 -0 -0.809017 0.4 0.05
-0.035328 1.91533 0.108728 0.309017 -0 -0.951057 0.45 0.05
3.72514e-08 1.91533 0.114324 -3.25841e-07 -0 -1 0.5 0.05
0.035328 1.91533 0.108728 -0.309017 -0 -0.951056 0.55 0.05
0.0671979 1.91533 0.0924899 -0.587786 -0 -0.809017 0.6 0.05
0.0924899 1.91533 0.0671978 -0.809017 -0 -0.587785 0.65 0.05
0.108728 1.91533 0.0353279 -0.951057 -0 -0.309016 0.7 0.05
0.114324 1.91533 -1.10391e-07 -1 -0 9.65599e-07 0.75 0.05
0.108728 1.91533 -0.0353281 -0.951056 -0 0.309018 0.8 0.05
0.0924898 1.91533 -0.067198 -0.809016 -0 0.587786 0.85 0.05
0.0671977 1.91533 -0.09249 -0.587784 -0 0.809018 0.9 0.05
0.0353278 1.91533 -0.108728 -0.309016 -0 0.951057 0.95 0.05
-1.83531e-07 1.91533 -0.114324 1.60536e-06 -0 1 1 0.05
-0 1.86742 -0.108933 0 -0 1 0 0.075
-0.033662 1.86742 -0.103601 0.309017 -0 0.951057 0.05 0.075
-0.064029 1.86742 -0.0881284 0.587785 -0 0.809017 0.1 0.075
-0.0881284 1.86742 -0.064029 0.809017 -0 0.587785 0.15 0.075
-0.103601 1.86742 -0.033662 0.951057 -0 0.309017 0.2 0.075
-0.108933 1.86742 4.7616e-09 1 -0 -4.37114e-08 0.25 0.075
-0.103601 1.86742 0.033662 0.951056 -0 -0.309017 0.3 0.075
-0.0881284 1.86742 0.064029 0.809017 -0 -0.587785 0.35 0.075
-0.064029 1.86742 0.0881284 0.587785 -0 -0.809017 0.4 0.075
-0.033662 1.86742 0.103601 0.309017 -0 -0.951057 0.45 0.075
3.54948e-08 1.86742 0.108933 -3.25841e-07 -0 -1 0.5 0.075
0.0336621 1.86742 0.103601 -0.309017 -0 -0.951056 0.55 0.075
0.0640291 1.86742 0.0881283 -0.587786 -0 -0.809017 0.6 0.075
0.0881284 1.86742 0.0640289 -0.809017 -0 -0.587785 0.65 0.075
0.103601 1.86742 0.033662 -0.951057 -0 -0.309016 0.7 0.075
0.108933 1.86742 -1.05185e-07 -1 -0 9.65599e-07 0.75 0.075
0.103601 1.86742 -0.0336622 -0.951056 -0 0.309018 0.8 0.075
0.0881283 1.86742 -0.0640291 -0.809016 -0 0.587786 0.85 0.075
0.0640289 1.86742 -0.0881285 -0.587784 -0 0.809018 0.9 0.075
0.0336619 1.86742 -0.103601 -0.309016 -0 0.951057 0.95 0.075
-1.74876e-07 1.86742 -0.108933 1.60536e-06 -0 1 1 0.075
-0 1.82067 -0.106557 0 -0 1 0 0.1
-0.0329279 1.82067 -0.101342 0.309017 -0 0.951057 0.05 0.1
-0.0626325 1.82067 -0.0862063 0.587785 -0 0.809017 0.1 0.1
-0.0862063 1.82067 -0.0626325 0.809017 -0 0.587785 0.15 0.1
-0.101342 1.82067 -0.0329279 0.951057 -0 0.309017 0.2 0.1
-0.106557 1.82067 4.65775e-09 1 -0 -4.37114e-08 0.25 0.1
-0.101342 1.82067 0.0329279 0.951056 -0 -0.309017 0.3 0.1
-0.0862063 1.82067 0.0626325 0.809017 -0 -0.587785 0.35 0.1
-0.0626325 1.82067 0.0862063 0.587785 -0 -0.809017 0.4 0.1
-0.0329278 1.82067 0.101342 0.309017 -0 -0.951057 0.45 0.1
3.47206e-08 1.82067 0.106557 -3.25841e-07 -0 -1 0.5 0.1
0.0329279 1.82067 0.101342 -0.309017 -0 -0.951056 0.55 0.1
0.0626326 1.82067 0.0862062 -0.587786 -0 -0.809017 0.6 0.1
0.0862063 1.82067 0.0626325 -0.809017 -0 -0.587785 0.65 0.1
0.101342 1.82067 0.0329278 -0.951057 -0 -0.309016 0.7 0.1
0.106557 1.82067 -1.02891e-07 -1 -0 9.65599e-07 0.75 0.1
0.101342 1.82067 -0.032928 -0.951056 -0 0.309018 0.8 0.1
0.0862062 1.82067 -0.0626326 -0.809016 -0 0.587786 0.85 0.1
0.0626324 1.82067 -0.0862064 -0.587784 -0 0.809018 0.9 0.1
0.0329277 1.82067 -0.101342 -0.309016 -0 0.951057 0.95 0.1
-1.71062e-07 1.82067 -0.106557 1.60536e-06 -0 1 1 0.1
-0 1.77517 -0.107669 0 -0 1 0 0.125
-0.0332715 1.77517 -0.102399 0.309017 -0 0.951057 0.05 0.125
-0.0632861 1.77517 -0.0871059 0.587785 -0 0.809017 0.1 0.125
-0.0871059 1.77517 -0.0632861 0.809017 -0 0.587785 0.15 0.125
-0.102399 1.77517 -0.0332715 0.951057 -0 0.309017 0.2 0.125
-0.107669 1.77517 4.70635e-09 1 -0 -4.37114e-08 0.25 0.125
-0.102399 1.77517 0.0332715 0.951056 -0 -0.309017 0.3 0.125
-0.0871059 1.77517 0.0632861 0.809017 -0 -0.587785 0.35 0.125
-0.0632861 1.77517 0.0871059 0.587785 -0 -0.809017 0.4 0.125
-0.0332715 1.77517 0.102399 0.309017 -0 -0.951057 0.45 0.125
3.50829e-08 1.77517 0.107669 -3.25841e-07 -0 -1 0.5 0.125
0.0332715 1.77517 0.102399 -0.309017 -0 -0.951056 0.55 0.125
0.0632862 1.77517 0.0871058 -0.587786 -0 -0.809017 0.6 0.125
0.0871059 1.77517 0.0632861 -0.809017 -0 -0.587785 0.65 0.125
0.102399 1.77517 0.0332714 -0.951057 -0 -0.309016 0.7 0.125
0.107669 1.77517 -1.03965e-07 -1 -0 9.65599e-07 0.75 0.125
0.102399 1.77517 -0.0332716 -0.951056 -0 0.309018 0.8 0.125
0.0871058 1.77517 -0.0632862 -0.809016 -0 0.587786 0.85 0.125
0.063286 1.77517 -0.087106 -0.587784 -0 0.809018 0.9 0.125
0.0332713 1.77517 -0.102399 -0.309016 -0 0.951057 0.95 0.125
-1.72847e-07 1.77517 -0.107669 1.60536e-06 -0 1 1 0.125
-0 1.7309 -0.112399 0 -0 1 0 0.15
-0.0347332 1.7309 -0.106898 0.309017 -0 0.951056 0.05 0.15
-0.0660665 1.7309 -0.0909328 0.587785 -0 0.809017 0.1 0.15
-0.0909328 1.7309 -0.0660665 0.809017 -0 0.587785 0.15 0.15
-0.106898 1.7309 -0.0347332 0.951056 -0 0.309017 0.2 0.15
-0.112399 1.7309 4.91312e-09 1 -0 -4.37114e-08 0.25 0.15
-0.106898 1.7309 0.0347332 0.951056 -0 -0.309017 0.3 0.15
-0.0909328 1.7309 0.0660665 0.809017 -0 -0.587785 0.35 0.15
-0.0660665 1.7309 0.0909328 0.587785 -0 -0.809017 0.4 0.15
-0.0347332 1.7309 0.106898 0.309017 -0 -0.951057 0.45 0.15
3.66243e-08 1.7309 0.112399 -3.25841e-07 -0 -1 0.5 0.15
0.0347333 1.7309 0.106898 -0.309017 -0 -0.951056 0.55 0.15
0.0660666 1.7309 0.0909327 -0.587786 -0 -0.809017 0.6 0.15
0.0909328 1.7309 0.0660665 -0.809017 -0 -0.587785 0.65 0.15
0.106898 1.7309 0.0347331 -0.951057 -0 -0.309016 0.7 0.15
0.112399 1.7309 -1.08532e-07 -1 -0 9.65599e-07 0.75 0.15
0.106898 1.7309 -0.0347333 -0.951056 -0 0.309018 0.8 0.15
0.0909327 1.7309 -0.0660666 -0.809016 -0 0.587786 0.85 0.15
0.0660664 1.7309 -0.0909329 -0.587784 -0 0.809018 0.9 0.15
0.0347331 1.7309 -0.106898 -0.309016 -0 0.951057 0.95 0.15
-1.80441e-07 1.7309 -0.112399 1.60536e-06 -0 1 1 0.15
-0 1.68776 -0.120615 0 -0 1 0 0.175
-0.0372722 1.68776 -0.114712 0.309017 -0 0.951057 0.05 0.175
-0.0708959 1.68776 -0.0975798 0.587785 -0 0.809017 0.1 0.175
-0.0975798 1.68776 -0.0708959 0.809017 -0 0.587785 0.15 0.175
-0.114712 1.68776 -0.0372722 0.951057 -0 0.309017 0.2 0.175
-0.120615 1.68776 5.27226e-09 1 -0 -4.37114e-08 0.25 0.175
-0.114712 1.68776 0.0372722 0.951057 -0 -0.309017 0.3 0.175
-0.0975798 1.68776 0.0708959 0.809017 -0 -0.587785 0.35 0.175
-0.0708959 1.68776 0.0975798 0.587785 -0 -0.809017 0.4 0.175
-0.0372721 1.68776 0.114712 0.309017 -0 -0.951057 0.45 0.175
3.93014e-08 1.68776 0.120615 -3.25841e-07 -0 -1 0.5 0.175
0.0372722 1.68776 0.114712 -0.309017 -0 -0.951056 0.55 0.175
0.0708959 1.68776 0.0975797 -0.587786 -0 -0.809017 0.6 0.175
0.0975798 1.68776 0.0708958 -0.809017 -0 -0.587785 0.65 0.175
0.114712 1.68776 0.0372721 -0.951057 -0 -0.309016 0.7 0.175
0.120615 1.68776 -1.16466e-07 -1 -0 9.65599e-07 0.75 0.175
0.114712 1.68776 -0.0372723 -0.951056 -0 0.309018 0.8 0.175
0.0975797 1.68776 -0.070896 -0.809016 -0 0.587786 0.85 0.175
0.0708957 1.68776 -0.0975799 -0.587784 -0 0.809018 0.9 0.175
0.037272 1.68776 -0.114712 -0.309016 -0 0.951057 0.95 0.175
-1.93631e-07 1.68776 -0.120615 1.60536e-06 -0 1 1 0.175
-0 1.64562 -0.13199 0 -0 1 0 0.2
-0.0407872 1.64562 -0.12553 0.309017 -0 0.951057 0.05 0.2
-0.0775819 1.64562 -0.106782 0.587785 -0 0.809017 0.1 0.2
-0.106782 1.64562 -0.0775819 0.809017 -0 0.587785 0.15 0.2
-0.12553 1.64562 -0.0407872 0.951057 -0 0.309017 0.2 0.2
-0.13199 1.64562 5.76947e-09 1 -0 -4.37114e-08 0.25 0.2
-0.12553 1.64562 0.0407872 0.951056 -0 -0.309017 0.3 0.2
-0.106782 1.64562 0.0775819 0.809017 -0 -0.587785 0.35 0.2
-0.0775819 1.64562 0.106782 0.587785 -0 -0.809017 0.4 0.2
-0.0407872 1.64562 0.12553 0.309017 -0 -0.951057 0.45 0.2
4.30079e-08 1.64562 0.13199 -3.25841e-07 -0 -1 0.5 0.2
0.0407873 1.64562 0.12553 -0.309017 -0 -0.951056 0.55 0.2
0.0775819 1.64562 0.106782 -0.587786 -0 -0.809017 0.6 0.2
0.106782 1.64562 0.0775818 -0.809017 -0 -0.587785 0.65 0.2
0.12553 1.64562 0.0407871 -0.951057 -0 -0.309016 0.7 0.2
0.13199 1.64562 -1.2745e-07 -1 -0 9.65599e-07 0.75 0.2
0.12553 1.64562 -0.0407873 -0.951056 -0 0.309018 0.8 0.2
0.106782 1.64562 -0.077582 -0.809016 -0 0.587786 0.85 0.2
0.0775817 1.64562 -0.106782 -0.587784 -0 0.809018 0.9 0.2
0.040787 1.64562 -0.12553 -0.309016 -0 0.951057 0.95 0.2
-2.11891e-07 1.64562 -0.13199 1.60536e-06 -0 1 1 0.2
-0 1.60427 -0.146061 0 -0 1 0 0.225
-0.0451353 1.60427 -0.138912 0.309017 -0 0.951057 0.05 0.225
-0.0858524 1.60427 -0.118166 0.587785 -0 0.809017 0.1 0.225
-0.118166 1.60427 -0.0858524 0.809017 -0 0.587785 0.15 0.225
-0.138912 1.60427 -0.0451353 0.951057 -0 0.309017 0.2 0.225
-0.146061 1.60427 6.38452e-09 1 -0 -4.37114e-08 0.25 0.225
-0.138912 1.60427 0.0451353 0.951057 -0 -0.309017 0.3 0.225
-0.118166 1.60427 0.0858524 0.809017 -0 -0.587785 0.35 0.225
-0.0858524 1.60427 0.118166 0.587785 -0 -0.809017 0.4 0.225
-0.0451353 1.60427 0.138912 0.309017 -0 -0.951057 0.45 0.225
4.75927e-08 1.60427 0.146061 -3.25841e-07 -0 -1 0.5 0.225
0.0451354 1.60427 0.138912 -0.309017 -0 -0.951056 0.55 0.225
0.0858525 1.60427 0.118166 -0.587786 -0 -0.809017 0.6 0.225
0.118166 1.60427 0.0858524 -0.809017 -0 -0.587785 0.65 0.225
0.138912 1.60427 0.0451352 -0.951057 -0 -0.309016 0.7 0.225
0.146061 1.60427 -1.41036e-07 -1 -0 9.65599e-07 0.75 0.225
0.138912 1.60427 -0.0451355 -0.951056 -0 0.309018 0.8 0.225
0.118166 1.60427 -0.0858526 -0.809016 -0 0.587786 0.85 0.225
0.0858523 1.60427 -0.118166 -0.587784 -0 0.809018 0.9 0.225
0.0451351 1.60427 -0.138912 -0.309016 -0 0.951057 0.95 0.225
-2.3448e-07 1.60427 -0.146061 1.60536e-06 -0 1 1 0.225
-0 1.56352 -0.162278 0 -0 1 0 0.25
-0.0501467 1.56352 -0.154336 0.309017 -0 0.951057 0.05 0.25
-0.0953847 1.56352 -0.131286 0.587785 -0 0.809017 0.1 0.25
-0.131286 1.56352 -0.0953847 0.809017 -0 0.587785 0.15 0.25
-0.154336 1.56352 -0.0501467 0.951057 -0 0.309017 0.2 0.25
-0.162278 1.56352 7.09341e-09 1 -0 -4.37114e-08 0.25 0.25
-0.154336 1.56352 0.0501467 0.951056 -0 -0.309017 0.3 0.25
-0.131286 1.56352 0.0953847 0.809017 -0 -0.587785 0.35 0.25
-0.0953847 1.56352 0.131286 0.587785 -0 -0.809017 0.4 0.25
-0.0501467 1.56352 0.154336 0.309017 -0 -0.951057 0.45 0.25
5.2877e-08 1.56352 0.162278 -3.25841e-07 -0 -1 0.5 0.25
0.0501468 1.56352 0.154336 -0.309017 -0 -0.951056 0.55 0.25
0.0953848 1.56352 0.131286 -0.587786 -0 -0.809017 0.6 0.25
0.131286 1.56352 0.0953847 -0.809017 -0 -0.587785 0.65 0.25
0.154336 1.56352 0.0501466 -0.951057 -0 -0.309016 0.7 0.25
0.162278 1.56352 -1.56696e-07 -1 -0 9.65599e-07 0.75 0.25
0.154336 1.56352 -0.0501469 -0.951056 -0 0.309018 0.8 0.25
0.131286 1.56352 -0.0953849 -0.809016 -0 0.587786 0.85 0.25
0.0953846 1.56352 -0.131286 -0.587784 -0 0.809018 0.9 0.25
0.0501465 1.56352 -0.154336 -0.309016 -0 0.951057 0.95 0.25
-2.60514e-07 1.56352 -0.162278 1.60536e-06 -0 1 1 0.25
-0 1.52314 -0.180048 0 -0 1 0 0.275
-0.0556379 1.52314 -0.171236 0.309017 -0 0.951057 0.05 0.275
-0.10583 1.52314 -0.145662 0.587785 -0 0.809017 0.1 0.275
-0.145662 1.52314 -0.10583 0.809017 -0 0.587785 0.15 0.275
-0.171236 1.52314 -0.0556379 0.951057 -0 0.309017 0.2 0.275
-0.180048 1.52314 7.87015e-09 1 -0 -4.37114e-08 0.25 0.275
-0.171236 1.52314 0.0556379 0.951057 -0 -0.309017 0.3 0.275
-0.145662 1.52314 0.10583 0.809017 -0 -0.587785 0.35 0.275
-0.10583 1.52314 0.145662 0.587785 -0 -0.809017 0.4 0.275
-0.0556378 1.52314 0.171236 0.309017 -0 -0.951057 0.45 0.275
5.86671e-08 1.52314 0.180048 -3.25841e-07 -0 -1 0.5 0.275
0.055638 1.52314 0.171236 -0.309017 -0 -0.951056 0.55 0.275
0.10583 1.52314 0.145662 -0.587786 -0 -0.809017 0.6 0.275
0.145662 1.52314 0.105829 -0.809017 -0 -0.587785 0.65 0.275
0.171236 1.52314 0.0556377 -0.951057 -0 -0.309016 0.7 0.275
0.180048 1.52314 -1.73854e-07 -1 -0 9.65599e-07 0.75 0.275
0.171236 1.52314 -0.0556381 -0.951056 -0 0.309018 0.8 0.275
0.145662 1.52314 -0.10583 -0.809016 -0 0.587786 0.85 0.275
0.105829 1.52314 -0.145662 -0.587784 -0 0.809018 0.9 0.275
0.0556376 1.52314 -0.171236 -0.309016 -0 0.951057 0.95 0.275
-2.89041e-07 1.52314 -0.180048 1.60536e-06 -0 1 1 0.275
-0 1.48291 -0.198765 0 -0 1 0 0.3
-0.0614216 1.48291 -0.189036 0.309017 -0 0.951057 0.05 0.3
-0.116831 1.48291 -0.160804 0.587785 -0 0.809017 0.1 0.3
-0.160804 1.48291 -0.116831 0.809017 -0 0.587785 0.15 0.3
-0.189036 1.48291 -0.0614216 0.951057 -0 0.309017 0.2 0.3
-0.198765 1.48291 8.68827e-09 1 -0 -4.37114e-08 0.25 0.3
-0.189036 1.48291 0.0614216 0.951056 -0 -0.309017 0.3 0.3
-0.160804 1.48291 0.116831 0.809017 -0 -0.587785 0.35 0.3
-0.116831 1.48291 0.160804 0.587785 -0 -0.809017 0.4 0.3
-0.0614216 1.48291 0.189036 0.309017 -0 -0.951057 0.45 0.3
6.47657e-08 1.48291 0.198765 -3.25841e-07 -0 -1 0.5 0.3
0.0614217 1.48291 0.189036 -0.309017 -0 -0.951056 0.55 0.3
0.116831 1.48291 0.160804 -0.587786 -0 -0.809017 0.6 0.3
0.160804 1.48291 0.116831 -0.809017 -0 -0.587785 0.65 0.3
0.189036 1.48291 0.0614215 -0.951057 -0 -0.309016 0.7 0.3
0.198765 1.48291 -1.91927e-07 -1 -0 9.65599e-07 0.75 0.3
0.189036 1.48291 -0.0614218 -0.951056 -0 0.309018 0.8 0.3
0.160804 1.48291 -0.116831 -0.809016 -0 0.587786 0.85 0.3
0.116831 1.48291 -0.160804 -0.587784 -0 0.809018 0.9 0.3
0.0614213 1.48291 -0.189036 -0.309016 -0 0.951057 0.95 0.3
-3.19088e-07 1.48291 -0.198765 1.60536e-06 -0 1 1 0.3
-0 1.44263 -0.217838 0 -0 1 0 0.325
-0.0673155 1.44263 -0.207176 0.309017 -0 0.951057 0.05 0.325
-0.128042 1.44263 -0.176234 0.587785 -0 0.809017 0.1 0.325
-0.176234 1.44263 -0.128042 0.809017 -0 0.587785 0.15 0.325
-0.207176 1.44263 -0.0673155 0.951057 -0 0.309017 0.2 0.325
-0.217838 1.44263 9.52198e-09 1 -0 -4.37114e-08 0.25 0.325
-0.207176 1.44263 0.0673155 0.951057 -0 -0.309017 0.3 0.325
-0.176234 1.44263 0.128042 0.809017 -0 -0.587785 0.35 0.325
-0.128042 1.44263 0.176234 0.587785 -0 -0.809017 0.4 0.325
-0.0673155 1.44263 0.207176 0.309017 -0 -0.951057 0.45 0.325
7.09805e-08 1.44263 0.217838 -3.25841e-07 -0 -1 0.5 0.325
0.0673156 1.44263 0.207176 -0.309017 -0 -0.951056 0.55 0.325
0.128042 1.44263 0.176234 -0.587786 -0 -0.809017 0.6 0.325
0.176234 1.44263 0.128042 -0.809017 -0 -0.587785 0.65 0.325
0.207176 1.44263 0.0673153 -0.951057 -0 -0.309016 0.7 0.325
0.217838 1.44263 -2.10344e-07 -1 -0 9.65599e-07 0.75 0.325
0.207176 1.44263 -0.0673157 -0.951056 -0 0.309018 0.8 0.325
0.176234 1.44263 -0.128042 -0.809016 -0 0.587786 0.85 0.325
0.128041 1.44263 -0.176234 -0.587784 -0 0.809018 0.9 0.325
0.0673152 1.44263 -0.207176 -0.309016 -0 0.951057 0.95 0.325
-3.49707e-07 1.44263 -0.217838 1.60536e-06 -0 1 1 0.325
-0 1.40211 -0.236712 0 -0 1 0 0.35
-0.0731481 1.40211 -0.225127 0.309017 -0 0.951056 0.05 0.35
-0.139136 1.40211 -0.191504 0.587785 -0 0.809017 0.1 0.35
-0.191504 1.40211 -0.139136 0.809017 -0 0.587785 0.15 0.35
-0.225127 1.40211 -0.0731481 0.951056 -0 0.309017 0.2 0.35
-0.236712 1.40211 1.0347e-08 1 -0 -4.37114e-08 0.25 0.35
-0.225127 1.40211 0.0731481 0.951056 -0 -0.309017 0.3 0.35
-0.191504 1.40211 0.139136 0.809017 -0 -0.587785 0.35 0.35
-0.139136 1.40211 0.191504 0.587785 -0 -0.809017 0.4 0.35
-0.073148 1.40211 0.225127 0.309017 -0 -0.951057 0.45 0.35
7.71306e-08 1.40211 0.236712 -3.25841e-07 -0 -1 0.5 0.35
0.0731482 1.40211 0.225127 -0.309017 -0 -0.951056 0.55 0.35
0.139136 1.40211 0.191504 -0.587786 -0 -0.809017 0.6 0.35
0.191504 1.40211 0.139136 -0.809017 -0 -0.587785 0.65 0.35
0.225127 1.40211 0.0731479 -0.951057 -0 -0.309016 0.7 0.35
0.236712 1.40211 -2.28569e-07 -1 -0 9.65599e-07 0.75 0.35
0.225127 1.40211 -0.0731483 -0.951056 -0 0.309018 0.8 0.35
0.191504 1.40211 -0.139136 -0.809016 -0 0.587786 0.85 0.35
0.139136 1.40211 -0.191504 -0.587784 -0 0.809018 0.9 0.35
0.0731478 1.40211 -0.225127 -0.309016 -0 0.951057 0.95 0.35
-3.80008e-07 1.40211 -0.236712 1.60536e-06 -0 1 1 0.35
-0 1.36119 -0.254884 0 -0 1 0 0.375
-0.0787634 1.36119 -0.242409 0.309017 -0 0.951057 0.05 0.375
-0.149817 1.36119 -0.206205 0.587785 -0 0.809017 0.1 0.375
-0.206205 1.36119 -0.149817 0.809017 -0 0.587785 0.15 0.375
-0.242409 1.36119 -0.0787634 0.951057 -0 0.309017 0.2 0.375
-0.254884 1.36119 1.11413e-08 1 -0 -4.37114e-08 0.25 0.375
-0.242409 1.36119 0.0787634 0.951056 -0 -0.309017 0.3 0.375
-0.206205 1.36119 0.149817 0.809017 -0 -0.587785 0.35 0.375
-0.149817 1.36119 0.206205 0.587785 -0 -0.809017 0.4 0.375
-0.0787633 1.36119 0.242409 0.309017 -0 -0.951057 0.45 0.375
8.30516e-08 1.36119 0.254884 -3.25841e-07 -0 -1 0.5 0.375
0.0787635 1.36119 0.242409 -0.309017 -0 -0.951056 0.55 0.375
0.149817 1.36119 0.206205 -0.587786 -0 -0.809017 0.6 0.375
0.206205 1.36119 0.149817 -0.809017 -0 -0.587785 0.65 0.375
0.242409 1.36119 0.0787632 -0.951057 -0 -0.309016 0.7 0.375
0.254884 1.36119 -2.46115e-07 -1 -0 9.65599e-07 0.75 0.375
0.242409 1.36119 -0.0787636 -0.951056 -0 0.309018 0.8 0.375
0.206205 1.36119 -0.149817 -0.809016 -0 0.587786 0.85 0.375
0.149817 1.36119 -0.206205 -0.587784 -0 0.809018 0.9 0.375
0.078763 1.36119 -0.242409 -0.309016 -0 0.951057 0.95 0.375
-4.09179e-07 1.36119 -0.254884 1.60536e-06 -0 1 1 0.375
-0 1.31974 -0.271907 0 -0 1 0 0.4
-0.0840238 1.31974 -0.258599 0.309017 -0 0.951057 0.05 0.4
-0.159823 1.31974 -0.219977 0.587785 -0 0.809017 0.1 0.4
-0.219977 1.31974 -0.159823 0.809017 -0 0.587785 0.15 0.4
-0.258599 1.31974 -0.0840238 0.951057 -0 0.309017 0.2 0.4
-0.271907 1.31974 1.18854e-08 1 -0 -4.37114e-08 0.25 0.4
-0.258599 1.31974 0.0840238 0.951056 -0 -0.309017 0.3 0.4
-0.219977 1.31974 0.159823 0.809017 -0 -0.587785 0.35 0.4
-0.159823 1.31974 0.219977 0.587785 -0 -0.809017 0.4 0.4
-0.0840238 1.31974 0.258599 0.309017 -0 -0.951057 0.45 0.4
8.85985e-08 1.31974 0.271907 -3.25841e-07 -0 -1 0.5 0.4
0.0840239 1.31974 0.258599 -0.309017 -0 -0.951056 0.55 0.4
0.159823 1.31974 0.219977 -0.587786 -0 -0.809017 0.6 0.4
0.219977 1.31974 0.159823 -0.809017 -0 -0.587785 0.65 0.4
0.258599 1.31974 0.0840236 -0.951057 -0 -0.309016 0.7 0.4
0.271907 1.31974 -2.62553e-07 -1 -0 9.65599e-07 0.75 0.4
0.258599 1.31974 -0.0840241 -0.951056 -0 0.309018 0.8 0.4
0.219977 1.31974 -0.159823 -0.809016 -0 0.587786 0.85 0.4
0.159823 1.31974 -0.219977 -0.587784 -0 0.809018 0.9 0.4
0.0840234 1.31974 -0.258599 -0.309016 -0 0.951057 0.95 0.4
-4.36507e-07 1.31974 -0.271907 1.60536e-06 -0 1 1 0.4
-0 1.27766 -0.287402 0 -0 1 0 0.425
-0.088812 1.27766 -0.273335 0.309017 -0 0.951057 0.05 0.425
-0.16893 1.27766 -0.232513 0.587785 -0 0.809017 0.1 0.425
-0.232513 1.27766 -0.16893 0.809017 -0 0.587785 0.15 0.425
-0.273335 1.27766 -0.088812 0.951057 -0 0.309017 0.2 0.425
-0.287402 1.27766 1.25627e-08 1 -0 -4.37114e-08 0.25 0.425
-0.273335 1.27766 0.088812 0.951056 -0 -0.309017 0.3 0.425
-0.232513 1.27766 0.16893 0.809017 -0 -0.587785 0.35 0.425
-0.16893 1.27766 0.232513 0.587785 -0 -0.809017 0.4 0.425
-0.088812 1.27766 0.273335 0.309017 -0 -0.951057 0.45 0.425
9.36474e-08 1.27766 0.287402 -3.25841e-07 -0 -1 0.5 0.425
0.0888121 1.27766 0.273335 -0.309017 -0 -0.951056 0.55 0.425
0.168931 1.27766 0.232513 -0.587786 -0 -0.809017 0.6 0.425
0.232513 1.27766 0.16893 -0.809017 -0 -0.587785 0.65 0.425
0.273335 1.27766 0.0888118 -0.951057 -0 -0.309016 0.7 0.425
0.287402 1.27766 -2.77515e-07 -1 -0 9.65599e-07 0.75 0.425
0.273335 1.27766 -0.0888123 -0.951056 -0 0.309018 0.8 0.425
0.232513 1.27766 -0.168931 -0.809016 -0 0.587786 0.85 0.425
0.16893 1.27766 -0.232513 -0.587784 -0 0.809018 0.9 0.425
0.0888116 1.27766 -0.273335 -0.309016 -0 0.951057 0.95 0.425
-4.61382e-07 1.27766 -0.287402 1.60536e-06 -0 1 1 0.425
-0 1.23489 -0.301055 0 -0 1 0 0.45
-0.0930311 1.23489 -0.28632 0.309017 -0 0.951056 0.05 0.45
-0.176956 1.23489 -0.243559 0.587785 -0 0.809017 0.1 0.45
-0.243559 1.23489 -0.176956 0.809017 -0 0.587785 0.15 0.45
-0.28632 1.23489 -0.0930311 0.951056 -0 0.309017 0.2 0.45
-0.301055 1.23489 1.31595e-08 1 -0 -4.37114e-08 0.25 0.45
-0.28632 1.23489 0.0930311 0.951056 -0 -0.309017 0.3 0.45
-0.243559 1.23489 0.176956 0.809017 -0 -0.587785 0.35 0.45
-0.176956 1.23489 0.243559 0.587785 -0 -0.809017 0.4 0.45
-0.093031 1.23489 0.28632 0.309017 -0 -0.951057 0.45 0.45
9.80962e-08 1.23489 0.301055 -3.25841e-07 -0 -1 0.5 0.45
0.0930312 1.23489 0.28632 -0.309017 -0 -0.951056 0.55 0.45
0.176956 1.23489 0.243558 -0.587786 -0 -0.809017 0.6 0.45
0.243559 1.23489 0.176955 -0.809017 -0 -0.587785 0.65 0.45
0.28632 1.23489 0.0930309 -0.951057 -0 -0.309016 0.7 0.45
0.301055 1.23489 -2.90698e-07 -1 -0 9.65599e-07 0.75 0.45
0.28632 1.23489 -0.0930314 -0.951056 -0 0.309018 0.8 0.45
0.243558 1.23489 -0.176956 -0.809016 -0 0.587786 0.85 0.45
0.176955 1.23489 -0.243559 -0.587784 -0 0.809018 0.9 0.45
0.0930307 1.23489 -0.28632 -0.309016 -0 0.951057 0.95 0.45
-4.83301e-07 1.23489 -0.301055 1.60536e-06 -0 1 1 0.45
-0 1.19143 -0.312618 0 -0 1 0 0.475
-0.0966044 1.19143 -0.297318 0.309017 -0 0.951057 0.05 0.475
-0.183752 1.19143 -0.252913 0.587785 -0 0.809017 0.1 0.475
-0.252913 1.19143 -0.183752 0.809017 -0 0.587785 0.15 0.475
-0.297318 1.19143 -0.0966043 0.951057 -0 0.309017 0.2 0.475
-0.312618 1.19143 1.3665e-08 1 -0 -4.37114e-08 0.25 0.475
-0.297318 1.19143 0.0966044 0.951057 -0 -0.309017 0.3 0.475
-0.252913 1.19143 0.183752 0.809017 -0 -0.587785 0.35 0.475
-0.183752 1.19143 0.252914 0.587785 -0 -0.809017 0.4 0.475
-0.0966043 1.19143 0.297318 0.309017 -0 -0.951057 0.45 0.475
1.01864e-07 1.19143 0.312618 -3.25841e-07 -0 -1 0.5 0.475
0.0966045 1.19143 0.297318 -0.309017 -0 -0.951056 0.55 0.475
0.183753 1.19143 0.252913 -0.587786 -0 -0.809017 0.6 0.475
0.252914 1.19143 0.183752 -0.809017 -0 -0.587785 0.65 0.475
0.297318 1.19143 0.0966041 -0.951057 -0 -0.309016 0.7 0.475
0.312618 1.19143 -3.01864e-07 -1 -0 9.65599e-07 0.75 0.475
0.297318 1.19143 -0.0966047 -0.951056 -0 0.309018 0.8 0.475
0.252913 1.19143 -0.183753 -0.809016 -0 0.587786 0.85 0.475
0.183752 1.19143 -0.252914 -0.587784 -0 0.809018 0.9 0.475
0.0966039 1.19143 -0.297318 -0.309016 -0 0.951057 0.95 0.475
-5.01864e-07 1.19143 -0.312618 1.60536e-06 -0 1 1 0.475
-0 1.1473 -0.321904 0 -0 1 0 0.5
-0.0994739 1.1473 -0.306149 0.309017 -0 0.951057 0.05 0.5
-0.189211 1.1473 -0.260426 0.587785 -0 0.809017 0.1 0.5
-0.260426 1.1473 -0.189211 0.809017 -0 0.587785 0.15 0.5
-0.306149 1.1473 -0.0994739 0.951057 -0 0.309017 0.2 0.5
-0.321904 1.1473 1.40709e-08 1 -0 -4.37114e-08 0.25 0.5
-0.306149 1.1473 0.0994739 0.951057 -0 -0.309017 0.3 0.5
-0.260426 1.1473 0.189211 0.809017 -0 -0.587785 0.35 0.5
-0.189211 1.1473 0.260426 0.587785 -0 -0.809017 0.4 0.5
-0.0994738 1.1473 0.306149 0.309017 -0 -0.951057 0.45 0.5
1.0489e-07 1.1473 0.321904 -3.25841e-07 -0 -1 0.5 0.5
0.099474 1.1473 0.306149 -0.309017 -0 -0.951056 0.55 0.5
0.189211 1.1473 0.260426 -0.587786 -0 -0.809017 0.6 0.5
0.260426 1.1473 0.18921 -0.809017 -0 -0.587785 0.65 0.5
0.306149 1.1473 0.0994737 -0.951057 -0 -0.309016 0.7 0.5
0.321904 1.1473 -3.10831e-07 -1 -0 9.65599e-07 0.75 0.5
0.306149 1.1473 -0.0994742 -0.951056 -0 0.309018 0.8 0.5
0.260426 1.1473 -0.189211 -0.809016 -0 0.587786 0.85 0.5
0.18921 1.1473 -0.260426 -0.587784 -0 0.809018 0.9 0.5
0.0994735 1.1473 -0.306149 -0.309016 -0 0.951057 0.95 0.5
-5.16771e-07 1.1473 -0.321904 1.60536e-06 -0 1 1 0.5
-0 1.10257 -0.328781 0 -0 1 0 0.525
-0.101599 1.10257 -0.312689 0.309017 -0 0.951057 0.05 0.525
-0.193253 1.10257 -0.265989 0.587785 -0 0.809017 0.1 0.525
-0.265989 1.10257 -0.193253 0.809017 -0 0.587785 0.15 0.525
-0.312689 1.10257 -0.101599 0.951057 -0 0.309017 0.2 0.525
-0.328781 1.10257 1.43715e-08 1 -0 -4.37114e-08 0.25 0.525
-0.312689 1.10257 0.101599 0.951056 -0 -0.309017 0.3 0.525
-0.265989 1.10257 0.193253 0.809017 -0 -0.587785 0.35 0.525
-0.193253 1.10257 0.265989 0.587785 -0 -0.809017 0.4 0.525
-0.101599 1.10257 0.312689 0.309017 -0 -0.951057 0.45 0.525
1.0713e-07 1.10257 0.328781 -3.25841e-07 -0 -1 0.5 0.525
0.101599 1.10257 0.312689 -0.309017 -0 -0.951056 0.55 0.525
0.193253 1.10257 0.265989 -0.587786 -0 -0.809017 0.6 0.525
0.265989 1.10257 0.193252 -0.809017 -0 -0.587785 0.65 0.525
0.312689 1.10257 0.101599 -0.951057 -0 -0.309016 0.7 0.525
0.328781 1.10257 -3.17471e-07 -1 -0 9.65599e-07 0.75 0.525
0.312689 1.10257 -0.101599 -0.951056 -0 0.309018 0.8 0.525
0.265989 1.10257 -0.193253 -0.809016 -0 0.587786 0.85 0.525
0.193252 1.10257 -0.26599 -0.587784 -0 0.809018 0.9 0.525
0.101598 1.10257 -0.312689 -0.309016 -0 0.951057 0.95 0.525
-5.27811e-07 1.10257 -0.328781 1.60536e-06 -0 1 1 0.525
-0 1.05737 -0.333163 0 -0 1 0 0.55
-0.102953 1.05737 -0.316857 0.309017 -0 0.951057 0.05 0.55
-0.195828 1.05737 -0.269535 0.587785 -0 0.809017 0.1 0.55
-0.269535 1.05737 -0.195828 0.809017 -0 0.587785 0.15 0.55
-0.316857 1.05737 -0.102953 0.951057 -0 0.309017 0.2 0.55
-0.333163 1.05737 1.4563e-08 1 -0 -4.37114e-08 0.25 0.55
-0.316857 1.05737 0.102953 0.951056 -0 -0.309017 0.3 0.55
-0.269535 1.05737 0.195828 0.809017 -0 -0.587785 0.35 0.55
-0.195828 1.05737 0.269535 0.587785 -0 -0.809017 0.4 0.55
-0.102953 1.05737 0.316857 0.309017 -0 -0.951057 0.45 0.55
1.08558e-07 1.05737 0.333163 -3.25841e-07 -0 -1 0.5 0.55
0.102953 1.05737 0.316857 -0.309017 -0 -0.951056 0.55 0.55
0.195829 1.05737 0.269535 -0.587786 -0 -0.809017 0.6 0.55
0.269535 1.05737 0.195828 -0.809017 -0 -0.587785 0.65 0.55
0.316857 1.05737 0.102953 -0.951057 -0 -0.309016 0.7 0.55
0.333163 1.05737 -3.21702e-07 -1 -0 9.65599e-07 0.75 0.55
0.316857 1.05737 -0.102953 -0.951056 -0 0.309018 0.8 0.55
0.269535 1.05737 -0.195829 -0.809016 -0 0.587786 0.85 0.55
0.195828 1.05737 -0.269535 -0.587784 -0 0.809018 0.9 0.55
0.102953 1.05737 -0.316857 -0.309016 -0 0.951057 0.95 0.55
-5.34846e-07 1.05737 -0.333163 1.60536e-06 -0 1 1 0.55
-0 1.01187 -0.335007 0 -0 1 0 0.575
-0.103523 1.01187 -0.31861 0.309017 -0 0.951057 0.05 0.575
-0.196912 1.01187 -0.271026 0.587785 -0 0.809017 0.1 0.575
-0.271026 1.01187 -0.196912 0.809017 -0 0.587785 0.15 0.575
-0.31861 1.01187 -0.103523 0.951057 -0 0.309017 0.2 0.575
-0.335007 1.01187 1.46436e-08 1 -0 -4.37114e-08 0.25 0.575
-0.31861 1.01187 0.103523 0.951056 -0 -0.309017 0.3 0.575
-0.271026 1.01187 0.196912 0.809017 -0 -0.587785 0.35 0.575
-0.196912 1.01187 0.271026 0.587785 -0 -0.809017 0.4 0.575
-0.103523 1.01187 0.31861 0.309017 -0 -0.951057 0.45 0.575
1.09159e-07 1.01187 0.335007 -3.25841e-07 -0 -1 0.5 0.575
0.103523 1.01187 0.31861 -0.309017 -0 -0.951056 0.55 0.575
0.196912 1.01187 0.271026 -0.587786 -0 -0.809017 0.6 0.575
0.271026 1.01187 0.196912 -0.809017 -0 -0.587785 0.65 0.575
0.31861 1.01187 0.103522 -0.951057 -0 -0.309016 0.7 0.575
0.335007 1.01187 -3.23482e-07 -1 -0 9.65599e-07 0.75 0.575
0.31861 1.01187 -0.103523 -0.951056 -0 0.309018 0.8 0.575
0.271026 1.01187 -0.196912 -0.809016 -0 0.587786 0.85 0.575
0.196912 1.01187 -0.271026 -0.587784 -0 0.809018 0.9 0.575
0.103522 1.01187 -0.31861 -0.309016 -0 0.951057 0.95 0.575
-5.37805e-07 1.01187 -0.335007 1.60536e-06 -0 1 1 0.575
-0 0.966304 -0.334296 0 -0 1 0 0.6
-0.103303 0.966304 -0.317935 0.309017 -0 0.951057 0.05 0.6
-0.196494 0.966304 -0.270451 0.587785 -0 0.809017 0.1 0.6
-0.270451 0.966304 -0.196494 0.809017 -0 0.587785 0.15 0.6
-0.317935 0.966304 -0.103303 0.951057 -0 0.309017 0.2 0.6
-0.334296 0.966304 1.46126e-08 1 -0 -4.37114e-08 0.25 0.6
-0.317935 0.966304 0.103303 0.951057 -0 -0.309017 0.3 0.6
-0.270451 0.966304 0.196494 0.809017 -0 -0.587785 0.35 0.6
-0.196494 0.966304 0.270451 0.587785 -0 -0.809017 0.4 0.6
-0.103303 0.966304 0.317935 0.309017 -0 -0.951057 0.45 0.6
1.08928e-07 0.966304 0.334296 -3.25841e-07 -0 -1 0.5 0.6
0.103303 0.966304 0.317935 -0.309017 -0 -0.951056 0.55 0.6
0.196495 0.966304 0.270451 -0.587786 -0 -0.809017 0.6 0.6
0.270451 0.966304 0.196494 -0.809017 -0 -0.587785 0.65 0.6
0.317935 0.966304 0.103303 -0.951057 -0 -0.309016 0.7 0.6
0.334296 0.966304 -3.22796e-07 -1 -0 9.65599e-07 0.75 0.6
0.317934 0.966304 -0.103304 -0.951056 -0 0.309018 0.8 0.6
0.270451 0.966304 -0.196495 -0.809016 -0 0.587786 0.85 0.6
0.196494 0.966304 -0.270452 -0.587784 -0 0.809018 0.9 0.6
0.103303 0.966304 -0.317935 -0.309016 -0 0.951057 0.95 0.6
-5.36665e-07 0.966304 -0.334296 1.60536e-06 -0 1 1 0.6
-0 0.920936 -0.33104 0 -0 1 0 0.625
-0.102297 0.920936 -0.314838 0.309017 -0 0.951057 0.05 0.625
-0.19458 0.920936 -0.267817 0.587785 -0 0.809017 0.1 0.625
-0.267817 0.920936 -0.19458 0.809017 -0 0.587785 0.15 0.625
-0.314838 0.920936 -0.102297 0.951057 -0 0.309017 0.2 0.625
-0.33104 0.920936 1.44702e-08 1 -0 -4.37114e-08 0.25 0.625
-0.314838 0.920936 0.102297 0.951056 -0 -0.309017 0.3 0.625
-0.267817 0.920936 0.19458 0.809017 -0 -0.587785 0.35 0.625
-0.19458 0.920936 0.267817 0.587785 -0 -0.809017 0.4 0.625
-0.102297 0.920936 0.314838 0.309017 -0 -0.951057 0.45 0.625
1.07867e-07 0.920936 0.33104 -3.25841e-07 -0 -1 0.5 0.625
0.102297 0.920936 0.314838 -0.309017 -0 -0.951056 0.55 0.625
0.194581 0.920936 0.267817 -0.587786 -0 -0.809017 0.6 0.625
0.267817 0.920936 0.19458 -0.809017 -0 -0.587785 0.65 0.625
0.314838 0.920936 0.102297 -0.951057 -0 -0.309016 0.7 0.625
0.33104 0.920936 -3.19652e-07 -1 -0 9.65599e-07 0.75 0.625
0.314838 0.920936 -0.102297 -0.951056 -0 0.309018 0.8 0.625
0.267817 0.920936 -0.194581 -0.809016 -0 0.587786 0.85 0.625
0.19458 0.920936 -0.267817 -0.587784 -0 0.809018 0.9 0.625
0.102297 0.920936 -0.314838 -0.309016 -0 0.951057 0.95 0.625
-5.31438e-07 0.920936 -0.33104 1.60536e-06 -0 1 1 0.625
-0 0.876088 -0.325261 0 -0 1 0 0.65
-0.100511 0.876088 -0.309341 0.309017 -0 0.951057 0.05 0.65
-0.191183 0.876088 -0.263141 0.587785 -0 0.809017 0.1 0.65
-0.263141 0.876088 -0.191183 0.809017 -0 0.587785 0.15 0.65
-0.309341 0.876088 -0.100511 0.951057 -0 0.309017 0.2 0.65
-0.325261 0.876088 1.42176e-08 1 -0 -4.37114e-08 0.25 0.65
-0.309341 0.876088 0.100511 0.951057 -0 -0.309017 0.3 0.65
-0.263141 0.876088 0.191183 0.809017 -0 -0.587785 0.35 0.65
-0.191183 0.876088 0.263141 0.587785 -0 -0.809017 0.4 0.65
-0.100511 0.876088 0.309341 0.309017 -0 -0.951057 0.45 0.65
1.05983e-07 0.876088 0.325261 -3.25841e-07 -0 -1 0.5 0.65
0.100511 0.876088 0.309341 -0.309017 -0 -0.951056 0.55 0.65
0.191184 0.876088 0.263141 -0.587786 -0 -0.809017 0.6 0.65
0.263142 0.876088 0.191183 -0.809017 -0 -0.587785 0.65 0.65
0.309341 0.876088 0.100511 -0.951057 -0 -0.309016 0.7 0.65
0.325261 0.876088 -3.14071e-07 -1 -0 9.65599e-07 0.75 0.65
0.309341 0.876088 -0.100511 -0.951056 -0 0.309018 0.8 0.65
0.263141 0.876088 -0.191184 -0.809016 -0 0.587786 0.85 0.65
0.191183 0.876088 -0.263142 -0.587784 -0 0.809018 0.9 0.65
0.100511 0.876088 -0.309341 -0.309016 -0 0.951057 0.95 0.65
-5.22159e-07 0.876088 -0.325261 1.60536e-06 -0 1 1 0.65
-0 0.832127 -0.316987 0 -0 1 0 0.675
-0.0979545 0.832127 -0.301473 0.309017 -0 0.951057 0.05 0.675
-0.186321 0.832127 -0.256448 0.587785 -0 0.809017 0.1 0.675
-0.256448 0.832127 -0.186321 0.809017 -0 0.587785 0.15 0.675
-0.301473 0.832127 -0.0979545 0.951057 -0 0.309017 0.2 0.675
-0.316987 0.832127 1.3856e-08 1 -0 -4.37114e-08 0.25 0.675
-0.301473 0.832127 0.0979545 0.951056 -0 -0.309017 0.3 0.675
-0.256448 0.832127 0.186321 0.809017 -0 -0.587785 0.35 0.675
-0.186321 0.832127 0.256448 0.587785 -0 -0.809017 0.4 0.675
-0.0979545 0.832127 0.301473 0.309017 -0 -0.951057 0.45 0.675
1.03288e-07 0.832127 0.316987 -3.25841e-07 -0 -1 0.5 0.675
0.0979547 0.832127 0.301473 -0.309017 -0 -0.951056 0.55 0.675
0.186321 0.832127 0.256448 -0.587786 -0 -0.809017 0.6 0.675
0.256448 0.832127 0.18632 -0.809017 -0 -0.587785 0.65 0.675
0.301473 0.832127 0.0979543 -0.951057 -0 -0.309016 0.7 0.675
0.316987 0.832127 -3.06083e-07 -1 -0 9.65599e-07 0.75 0.675
0.301473 0.832127 -0.0979549 -0.951056 -0 0.309018 0.8 0.675
0.256448 0.832127 -0.186321 -0.809016 -0 0.587786 0.85 0.675
0.18632 0.832127 -0.256449 -0.587784 -0 0.809018 0.9 0.675
0.0979541 0.832127 -0.301473 -0.309016 -0 0.951057 0.95 0.675
-5.08878e-07 0.832127 -0.316987 1.60536e-06 -0 1 1 0.675
-0 0.78946 -0.306252 0 -0 1 0 0.7
-0.0946371 0.78946 -0.291263 0.309017 -0 0.951057 0.05 0.7
-0.18001 0.78946 -0.247763 0.587785 -0 0.809017 0.1 0.7
-0.247763 0.78946 -0.18001 0.809017 -0 0.587785 0.15 0.7
-0.291263 0.78946 -0.094637 0.951057 -0 0.309017 0.2 0.7
-0.306252 0.78946 1.33867e-08 1 -0 -4.37114e-08 0.25 0.7
-0.291263 0.78946 0.0946371 0.951056 -0 -0.309017 0.3 0.7
-0.247763 0.78946 0.18001 0.809017 -0 -0.587785 0.35 0.7
-0.18001 0.78946 0.247763 0.587785 -0 -0.809017 0.4 0.7
-0.094637 0.78946 0.291263 0.309017 -0 -0.951057 0.45 0.7
9.97895e-08 0.78946 0.306252 -3.25841e-07 -0 -1 0.5 0.7
0.0946372 0.78946 0.291263 -0.309017 -0 -0.951056 0.55 0.7
0.18001 0.78946 0.247763 -0.587786 -0 -0.809017 0.6 0.7
0.247763 0.78946 0.18001 -0.809017 -0 -0.587785 0.65 0.7
0.291263 0.78946 0.0946368 -0.951057 -0 -0.309016 0.7 0.7
0.306252 0.78946 -2.95717e-07 -1 -0 9.65599e-07 0.75 0.7
0.291263 0.78946 -0.0946374 -0.951056 -0 0.309018 0.8 0.7
0.247763 0.78946 -0.180011 -0.809016 -0 0.587786 0.85 0.7
0.18001 0.78946 -0.247763 -0.587784 -0 0.809018 0.9 0.7
0.0946366 0.78946 -0.291263 -0.309016 -0 0.951057 0.95 0.7
-4.91644e-07 0.78946 -0.306252 1.60536e-06 -0 1 1 0.7
-0 0.748525 -0.293083 0 -0 1 0 0.725
-0.0905676 0.748525 -0.278738 0.309017 -0 0.951057 0.05 0.725
-0.17227 0.748525 -0.237109 0.587785 -0 0.809017 0.1 0.725
-0.237109 0.748525 -0.17227 0.809017 -0 0.587785 0.15 0.725
-0.278738 0.748525 -0.0905676 0.951057 -0 0.309017 0.2 0.725
-0.293083 0.748525 1.28111e-08 1 -0 -4.37114e-08 0.25 0.725
-0.278738 0.748525 0.0905676 0.951056 -0 -0.309017 0.3 0.725
-0.237109 0.748525 0.17227 0.809017 -0 -0.587785 0.35 0.725
-0.17227 0.748525 0.237109 0.587785 -0 -0.809017 0.4 0.725
-0.0905676 0.748525 0.278738 0.309017 -0 -0.951057 0.45 0.725
9.54986e-08 0.748525 0.293083 -3.25841e-07 -0 -1 0.5 0.725
0.0905677 0.748525 0.278738 -0.309017 -0 -0.951056 0.55 0.725
0.17227 0.748525 0.237109 -0.587786 -0 -0.809017 0.6 0.725
0.237109 0.748525 0.17227 -0.809017 -0 -0.587785 0.65 0.725
0.278739 0.748525 0.0905674 -0.951057 -0 -0.309016 0.7 0.725
0.293083 0.748525 -2.83001e-07 -1 -0 9.65599e-07 0.75 0.725
0.278738 0.748525 -0.0905679 -0.951056 -0 0.309018 0.8 0.725
0.237109 0.748525 -0.17227 -0.809016 -0 0.587786 0.85 0.725
0.17227 0.748525 -0.237109 -0.587784 -0 0.809018 0.9 0.725
0.0905672 0.748525 -0.278739 -0.309016 -0 0.951057 0.95 0.725
-4.70503e-07 0.748525 -0.293083 1.60536e-06 -0 1 1 0.725
-0 0.709791 -0.277505 0 -0 1 0 0.75
-0.0857539 0.709791 -0.263923 0.309017 -0 0.951057 0.05 0.75
-0.163114 0.709791 -0.224507 0.587785 -0 0.809017 0.1 0.75
-0.224507 0.709791 -0.163114 0.809017 -0 0.587785 0.15 0.75
-0.263923 0.709791 -0.0857539 0.951057 -0 0.309017 0.2 0.75
-0.277505 0.709791 1.21302e-08 1 -0 -4.37114e-08 0.25 0.75
-0.263923 0.709791 0.0857539 0.951057 -0 -0.309017 0.3 0.75
-0.224507 0.709791 0.163114 0.809017 -0 -0.587785 0.35 0.75
-0.163114 0.709791 0.224507 0.587785 -0 -0.809017 0.4 0.75
-0.0857539 0.709791 0.263923 0.309017 -0 -0.951057 0.45 0.75
9.04228e-08 0.709791 0.277505 -3.25841e-07 -0 -1 0.5 0.75
0.085754 0.709791 0.263923 -0.309017 -0 -0.951056 0.55 0.75
0.163114 0.709791 0.224507 -0.587786 -0 -0.809017 0.6 0.75
0.224507 0.709791 0.163113 -0.809017 -0 -0.587785 0.65 0.75
0.263923 0.709791 0.0857537 -0.951057 -0 -0.309016 0.7 0.75
0.277505 0.709791 -2.67959e-07 -1 -0 9.65599e-07 0.75 0.75
0.263923 0.709791 -0.0857542 -0.951056 -0 0.309018 0.8 0.75
0.224506 0.709791 -0.163114 -0.809016 -0 0.587786 0.85 0.75
0.163113 0.709791 -0.224507 -0.587784 -0 0.809018 0.9 0.75
0.0857535 0.709791 -0.263924 -0.309016 -0 0.951057 0.95 0.75
-4.45495e-07 0.709791 -0.277505 1.60536e-06 -0 1 1 0.75
-0 0.673735 -0.25954 0 -0 1 0 0.775
-0.0802023 0.673735 -0.246837 0.309017 -0 0.951057 0.05 0.775
-0.152554 0.673735 -0.209972 0.587785 -0 0.809017 0.1 0.775
-0.209972 0.673735 -0.152554 0.809017 -0 0.587785 0.15 0.775
-0.246837 0.673735 -0.0802023 0.951057 -0 0.309017 0.2 0.775
-0.25954 0.673735 1.13449e-08 1 -0 -4.37114e-08 0.25 0.775
-0.246837 0.673735 0.0802023 0.951056 -0 -0.309017 0.3 0.775
-0.209972 0.673735 0.152554 0.809017 -0 -0.587785 0.35 0.775
-0.152554 0.673735 0.209972 0.587785 -0 -0.809017 0.4 0.775
-0.0802022 0.673735 0.246837 0.309017 -0 -0.951057 0.45 0.775
8.45689e-08 0.673735 0.25954 -3.25841e-07 -0 -1 0.5 0.775
0.0802024 0.673735 0.246837 -0.309017 -0 -0.951056 0.55 0.775
0.152554 0.673735 0.209972 -0.587786 -0 -0.809017 0.6 0.775
0.209972 0.673735 0.152554 -0.809017 -0 -0.587785 0.65 0.775
0.246837 0.673735 0.0802021 -0.951057 -0 -0.309016 0.7 0.775
0.25954 0.673735 -2.50612e-07 -1 -0 9.65599e-07 0.75 0.775
0.246837 0.673735 -0.0802026 -0.951056 -0 0.309018 0.8 0.775
0.209972 0.673735 -0.152554 -0.809016 -0 0.587786 0.85 0.775
0.152554 0.673735 -0.209973 -0.587784 -0 0.809018 0.9 0.775
0.0802019 0.673735 -0.246837 -0.309016 -0 0.951057 0.95 0.775
-4.16655e-07 0.673735 -0.25954 1.60536e-06 -0 1 1 0.775
-0 0.640836 -0.239206 0 -0 1 0 0.8
-0.0739188 0.640836 -0.227499 0.309017 -0 0.951057 0.05 0.8
-0.140602 0.640836 -0.193522 0.587785 -0 0.809017 0.1 0.8
-0.193522 0.640836 -0.140602 0.809017 -0 0.587785 0.15 0.8
-0.227499 0.640836 -0.0739188 0.951057 -0 0.309017 0.2 0.8
-0.239206 0.640836 1.0456e-08 1 -0 -4.37114e-08 0.25 0.8
-0.227499 0.640836 0.0739188 0.951057 -0 -0.309017 0.3 0.8
-0.193522 0.640836 0.140602 0.809017 -0 -0.587785 0.35 0.8
-0.140602 0.640836 0.193522 0.587785 -0 -0.809017 0.4 0.8
-0.0739187 0.640836 0.227499 0.309017 -0 -0.951057 0.45 0.8
7.79432e-08 0.640836 0.239206 -3.25841e-07 -0 -1 0.5 0.8
0.0739189 0.640836 0.227499 -0.309017 -0 -0.951056 0.55 0.8
0.140602 0.640836 0.193522 -0.587786 -0 -0.809017 0.6 0.8
0.193522 0.640836 0.140602 -0.809017 -0 -0.587785 0.65 0.8
0.227499 0.640836 0.0739186 -0.951057 -0 -0.309016 0.7 0.8
0.239206 0.640836 -2.30977e-07 -1 -0 9.65599e-07 0.75 0.8
0.227498 0.640836 -0.073919 -0.951056 -0 0.309018 0.8 0.8
0.193522 0.640836 -0.140602 -0.809016 -0 0.587786 0.85 0.8
0.140602 0.640836 -0.193522 -0.587784 -0 0.809018 0.9 0.8
0.0739184 0.640836 -0.227499 -0.309016 -0 0.951057 0.95 0.8
-3.84011e-07 0.640836 -0.239206 1.60536e-06 -0 1 1 0.8
-0 0.611547 -0.216527 0 -0 1 0 0.825
-0.0669105 0.611547 -0.205929 0.309017 -0 0.951057 0.05 0.825
-0.127271 0.611547 -0.175174 0.587785 -0 0.809017 0.1 0.825
-0.175174 0.611547 -0.127271 0.809017 -0 0.587785 0.15 0.825
-0.205929 0.611547 -0.0669105 0.951057 -0 0.309017 0.2 0.825
-0.216527 0.611547 9.46469e-09 1 -0 -4.37114e-08 0.25 0.825
-0.205929 0.611547 0.0669105 0.951057 -0 -0.309017 0.3 0.825
-0.175174 0.611547 0.127271 0.809017 -0 -0.587785 0.35 0.825
-0.127271 0.611547 0.175174 0.587785 -0 -0.809017 0.4 0.825
-0.0669105 0.611547 0.205929 0.309017 -0 -0.951057 0.45 0.825
7.05534e-08 0.611547 0.216527 -3.25841e-07 -0 -1 0.5 0.825
0.0669106 0.611547 0.205929 -0.309017 -0 -0.951056 0.55 0.825
0.127271 0.611547 0.175174 -0.587786 -0 -0.809017 0.6 0.825
0.175174 0.611547 0.127271 -0.809017 -0 -0.587785 0.65 0.825
0.205929 0.611547 0.0669103 -0.951057 -0 -0.309016 0.7 0.825
0.216527 0.611547 -2.09078e-07 -1 -0 9.65599e-07 0.75 0.825
0.205929 0.611547 -0.0669107 -0.951056 -0 0.309018 0.8 0.825
0.175174 0.611547 -0.127272 -0.809016 -0 0.587786 0.85 0.825
0.127271 0.611547 -0.175174 -0.587784 -0 0.809018 0.9 0.825
0.0669102 0.611547 -0.205929 -0.309016 -0 0.951057 0.95 0.825
-3.47603e-07 0.611547 -0.216527 1.60536e-06 -0 1 1 0.825
-0 0.586276 -0.191538 0 -0 1 0 0.85
-0.0591885 0.586276 -0.182164 0.309017 -0 0.951056 0.05 0.85
-0.112583 0.586276 -0.154958 0.587785 -0 0.809017 0.1 0.85
-0.154958 0.586276 -0.112583 0.809017 -0 0.587785 0.15 0.85
-0.182164 0.586276 -0.0591885 0.951056 -0 0.309017 0.2 0.85
-0.191538 0.586276 8.3724e-09 1 -0 -4.37114e-08 0.25 0.85
-0.182164 0.586276 0.0591885 0.951056 -0 -0.309017 0.3 0.85
-0.154958 0.586276 0.112583 0.809017 -0 -0.587785 0.35 0.85
-0.112583 0.586276 0.154958 0.587785 -0 -0.809017 0.4 0.85
-0.0591885 0.586276 0.182164 0.309017 -0 -0.951057 0.45 0.85
6.2411e-08 0.586276 0.191538 -3.25841e-07 -0 -1 0.5 0.85
0.0591886 0.586276 0.182164 -0.309017 -0 -0.951056 0.55 0.85
0.112583 0.586276 0.154958 -0.587786 -0 -0.809017 0.6 0.85
0.154958 0.586276 0.112583 -0.809017 -0 -0.587785 0.65 0.85
0.182164 0.586276 0.0591884 -0.951057 -0 -0.309016 0.7 0.85
0.191538 0.586276 -1.84949e-07 -1 -0 9.65599e-07 0.75 0.85
0.182164 0.586276 -0.0591887 -0.951056 -0 0.309018 0.8 0.85
0.154957 0.586276 -0.112583 -0.809016 -0 0.587786 0.85 0.85
0.112583 0.586276 -0.154958 -0.587784 -0 0.809018 0.9 0.85
0.0591883 0.586276 -0.182164 -0.309016 -0 0.951057 0.95 0.85
-3.07487e-07 0.586276 -0.191538 1.60536e-06 -0 1 1 0.85
-0 0.565352 -0.164298 0 -0 1 0 0.875
-0.0507709 0.565352 -0.156257 0.309017 -0 0.951057 0.05 0.875
-0.096572 0.565352 -0.13292 0.587785 -0 0.809017 0.1 0.875
-0.13292 0.565352 -0.096572 0.809017 -0 0.587785 0.15 0.875
-0.156257 0.565352 -0.0507709 0.951057 -0 0.309017 0.2 0.875
-0.164298 0.565352 7.1817e-09 1 -0 -4.37114e-08 0.25 0.875
-0.156257 0.565352 0.0507709 0.951056 -0 -0.309017 0.3 0.875
-0.13292 0.565352 0.096572 0.809017 -0 -0.587785 0.35 0.875
-0.096572 0.565352 0.13292 0.587785 -0 -0.809017 0.4 0.875
-0.0507709 0.565352 0.156257 0.309017 -0 -0.951057 0.45 0.875
5.35351e-08 0.565352 0.164298 -3.25841e-07 -0 -1 0.5 0.875
0.050771 0.565352 0.156257 -0.309017 -0 -0.951056 0.55 0.875
0.0965721 0.565352 0.13292 -0.587786 -0 -0.809017 0.6 0.875
0.13292 0.565352 0.096572 -0.809017 -0 -0.587785 0.65 0.875
0.156257 0.565352 0.0507708 -0.951057 -0 -0.309016 0.7 0.875
0.164298 0.565352 -1.58646e-07 -1 -0 9.65599e-07 0.75 0.875
0.156257 0.565352 -0.0507711 -0.951056 -0 0.309018 0.8 0.875
0.13292 0.565352 -0.0965722 -0.809016 -0 0.587786 0.85 0.875
0.0965719 0.565352 -0.13292 -0.587784 -0 0.809018 0.9 0.875
0.0507707 0.565352 -0.156257 -0.309016 -0 0.951057 0.95 0.875
-2.63757e-07 0.565352 -0.164298 1.60536e-06 -0 1 1 0.875
-0 0.548988 -0.134903 0 -0 1 0 0.9
-0.0416873 0.548988 -0.1283 0.309017 -0 0.951057 0.05 0.9
-0.0792939 0.548988 -0.109139 0.587785 -0 0.809017 0.1 0.9
-0.109139 0.548988 -0.0792939 0.809017 -0 0.587785 0.15 0.9
-0.1283 0.548988 -0.0416873 0.951057 -0 0.309017 0.2 0.9
-0.134903 0.548988 5.89679e-09 1 -0 -4.37114e-08 0.25 0.9
-0.1283 0.548988 0.0416873 0.951057 -0 -0.309017 0.3 0.9
-0.109139 0.548988 0.0792939 0.809017 -0 -0.587785 0.35 0.9
-0.0792939 0.548988 0.109139 0.587785 -0 -0.809017 0.4 0.9
-0.0416873 0.548988 0.1283 0.309017 -0 -0.951057 0.45 0.9
4.39569e-08 0.548988 0.134903 -3.25841e-07 -0 -1 0.5 0.9
0.0416873 0.548988 0.1283 -0.309017 -0 -0.951056 0.55 0.9
0.079294 0.548988 0.109139 -0.587786 -0 -0.809017 0.6 0.9
0.109139 0.548988 0.0792939 -0.809017 -0 -0.587785 0.65 0.9
0.1283 0.548988 0.0416872 -0.951057 -0 -0.309016 0.7 0.9
0.134903 0.548988 -1.30262e-07 -1 -0 9.65599e-07 0.75 0.9
0.1283 0.548988 -0.0416874 -0.951056 -0 0.309018 0.8 0.9
0.109139 0.548988 -0.0792941 -0.809016 -0 0.587786 0.85 0.9
0.0792938 0.548988 -0.109139 -0.587784 -0 0.809018 0.9 0.9
0.0416871 0.548988 -0.1283 -0.309016 -0 0.951057 0.95 0.9
-2.16567e-07 0.548988 -0.134903 1.60536e-06 -0 1 1 0.9
-0 0.537235 -0.103502 0 -0 1 0 0.925
-0.0319838 0.537235 -0.0984361 0.309017 -0 0.951057 0.05 0.925
-0.0608369 0.537235 -0.0837348 0.587785 -0 0.809017 0.1 0.925
-0.0837348 0.537235 -0.0608369 0.809017 -0 0.587785 0.15 0.925
-0.0984361 0.537235 -0.0319838 0.951057 -0 0.309017 0.2 0.925
-0.103502 0.537235 4.52421e-09 1 -0 -4.37114e-08 0.25 0.925
-0.0984361 0.537235 0.0319838 0.951056 -0 -0.309017 0.3 0.925
-0.0837348 0.537235 0.0608369 0.809017 -0 -0.587785 0.35 0.925
-0.0608369 0.537235 0.0837348 0.587785 -0 -0.809017 0.4 0.925
-0.0319838 0.537235 0.0984361 0.309017 -0 -0.951057 0.45 0.925
3.37252e-08 0.537235 0.103502 -3.25841e-07 -0 -1 0.5 0.925
0.0319839 0.537235 0.0984361 -0.309017 -0 -0.951056 0.55 0.925
0.0608369 0.537235 0.0837347 -0.587786 -0 -0.809017 0.6 0.925
0.0837348 0.537235 0.0608368 -0.809017 -0 -0.587785 0.65 0.925
0.0984361 0.537235 0.0319837 -0.951057 -0 -0.309016 0.7 0.925
0.103502 0.537235 -9.99413e-08 -1 -0 9.65599e-07 0.75 0.925
0.0984361 0.537235 -0.0319839 -0.951056 -0 0.309018 0.8 0.925
0.0837347 0.537235 -0.060837 -0.809016 -0 0.587786 0.85 0.925
0.0608367 0.537235 -0.0837348 -0.587784 -0 0.809018 0.9 0.925
0.0319837 0.537235 -0.0984362 -0.309016 -0 0.951057 0.95 0.925
-1.66157e-07 0.537235 -0.103502 1.60536e-06 -0 1 1 0.925
-0 0.529928 -0.0703182 0 -0 1 0 0.95
-0.0217295 0.529928 -0.0668766 0.309017 -0 0.951057 0.05 0.95
-0.041332 0.529928 -0.0568886 0.587785 -0 0.809017 0.1 0.95
-0.0568886 0.529928 -0.041332 0.809017 -0 0.587785 0.15 0.95
-0.0668766 0.529928 -0.0217295 0.951057 -0 0.309017 0.2 0.95
-0.0703182 0.529928 3.07371e-09 1 -0 -4.37114e-08 0.25 0.95
-0.0668766 0.529928 0.0217295 0.951056 -0 -0.309017 0.3 0.95
-0.0568886 0.529928 0.041332 0.809017 -0 -0.587785 0.35 0.95
-0.041332 0.529928 0.0568886 0.587785 -0 -0.809017 0.4 0.95
-0.0217295 0.529928 0.0668766 0.309017 -0 -0.951057 0.45 0.95
2.29126e-08 0.529928 0.0703182 -3.25841e-07 -0 -1 0.5 0.95
0.0217296 0.529928 0.0668766 -0.309017 -0 -0.951056 0.55 0.95
0.041332 0.529928 0.0568886 -0.587786 -0 -0.809017 0.6 0.95
0.0568887 0.529928 0.041332 -0.809017 -0 -0.587785 0.65 0.95
0.0668766 0.529928 0.0217295 -0.951057 -0 -0.309016 0.7 0.95
0.0703182 0.529928 -6.78992e-08 -1 -0 9.65599e-07 0.75 0.95
0.0668766 0.529928 -0.0217296 -0.951056 -0 0.309018 0.8 0.95
0.0568886 0.529928 -0.0413321 -0.809016 -0 0.587786 0.85 0.95
0.0413319 0.529928 -0.0568887 -0.587784 -0 0.809018 0.9 0.95
0.0217294 0.529928 -0.0668766 -0.309016 -0 0.951057 0.95 0.95
-1.12886e-07 0.529928 -0.0703182 1.60536e-06 -0 1 1 0.95
-0 0.526618 -0.0356711 0 -0 1 0 0.975
-0.011023 0.526618 -0.0339253 0.309017 -0 0.951057 0.05 0.975
-0.020967 0.526618 -0.0288585 0.587785 -0 0.809017 0.1 0.975
-0.0288585 0.526618 -0.020967 0.809017 -0 0.587785 0.15 0.975
-0.0339253 0.526618 -0.011023 0.951057 -0 0.309017 0.2 0.975
-0.0356711 0.526618 1.55923e-09 1 -0 -4.37114e-08 0.25 0.975
-0.0339253 0.526618 0.011023 0.951056 -0 -0.309017 0.3 0.975
-0.0288585 0.526618 0.020967 0.809017 -0 -0.587785 0.35 0.975
-0.020967 0.526618 0.0288585 0.587785 -0 -0.809017 0.4 0.975
-0.011023 0.526618 0.0339253 0.309017 -0 -0.951057 0.45 0.975
1.16231e-08 0.526618 0.0356711 -3.25841e-07 -0 -1 0.5 0.975
0.011023 0.526618 0.0339253 -0.309017 -0 -0.951056 0.55 0.975
0.020967 0.526618 0.0288585 -0.587786 -0 -0.809017 0.6 0.975
0.0288586 0.526618 0.0209669 -0.809017 -0 -0.587785 0.65 0.975
0.0339253 0.526618 0.011023 -0.951057 -0 -0.309016 0.7 0.975
0.0356711 0.526618 -3.4444e-08 -1 -0 9.65599e-07 0.75 0.975
0.0339252 0.526618 -0.011023 -0.951056 -0 0.309018 0.8 0.975
0.0288585 0.526618 -0.020967 -0.809016 -0 0.587786 0.85 0.975
0.0209669 0.526618 -0.0288586 -0.587784 -0 0.809018 0.9 0.975
0.0110229 0.526618 -0.0339253 -0.309016 -0 0.951057 0.95 0.975
-5.72649e-08 0.526618 -0.0356711 1.60536e-06 -0 1 1 0.975
-0 0.5265 -6.00815e-07 0 -0 1 0 1
-1.85662e-07 0.5265 -5.71409e-07 0.309017 -0 0.951057 0.05 1
-3.5315e-07 0.5265 -4.86069e-07 0.587785 -0 0.809017 0.1 1
-4.86069e-07 0.5265 -3.5315e-07 0.809017 -0 0.587785 0.15 1
-5.71409e-07 0.5265 -1.85662e-07 0.951057 -0 0.309017 0.2 1
-6.00815e-07 0.5265 2.62624e-14 1 -0 -4.37114e-08 0.25 1
-5.71409e-07 0.5265 1.85662e-07 0.951056 -0 -0.309017 0.3 1
-4.86069e-07 0.5265 3.5315e-07 0.809017 -0 -0.587785 0.35 1
-3.5315e-07 0.5265 4.86069e-07 0.587785 -0 -0.809017 0.4 1
-1.85662e-07 0.5265 5.71409e-07 0.309017 -0 -0.951057 0.45 1
1.9577e-13 0.5265 6.00815e-07 -3.25841e-07 -0 -1 0.5 1
1.85662e-07 0.5265 5.71409e-07 -0.309017 -0 -0.951056 0.55 1
3.5315e-07 0.5265 4.86069e-07 -0.587786 -0 -0.809017 0.6 1
4.8607e-07 0.5265 3.5315e-07 -0.809017 -0 -0.587785 0.65 1
5.71409e-07 0.5265 1.85661e-07 -0.951057 -0 -0.309016 0.7 1
6.00815e-07 0.5265 -5.80146e-13 -1 -0 9.65599e-07 0.75 1
5.71409e-07 0.5265 -1.85663e-07 -0.951056 -0 0.309018 0.8 1
4.86069e-07 0.5265 -3.53151e-07 -0.809016 -0 0.587786 0.85 1
3.53149e-07 0.5265 -4.8607e-07 -0.587784 -0 0.809018 0.9 1
1.85661e-07 0.5265 -5.71409e-07 -0.309016 -0 0.951057 0.95 1
-9.64522e-13 0.5265 -6.00815e-07 1.60536e-06 -0 1 1 1
