-0 0 -1 0 -0 1 0 0
-0.309017 0 -0.951057 0.309017 -0 0.951057 0.05 0
-0.587785 0 -0.809017 0.587785 -0 0.809017 0.1 0
-0.809017 0 -0.587785 0.809017 -0 0.587785 0.15 0
-0.951057 0 -0.309017 0.951057 -0 0.309017 0.2 0
-1 0 4.37114e-08 1 -0 -4.37114e-08 0.25 0
-0.951056 0 0.309017 0.951056 -0 -0.309017 0.3 0
-0.809017 0 0.587785 0.809017 -0 -0.587785 0.35 0
-0.587785 0 0.809017 0.587785 -0 -0.809017 0.4 0
-0.309017 0 0.951057 0.309017 -0 -0.951057 0.45 0
3.25841e-07 0 1 -3.25841e-07 -0 -1 0.5 0
0.309017 0 0.951056 -0.309017 -0 -0.951056 0.55 0
0.587786 0 0.809017 -0.587786 -0 -0.809017 0.6 0
0.809017 0 0.587785 -0.809017 -0 -0.587785 0.65 0
0.951057 0 0.309016 -0.951057 -0 -0.309016 0.7 0
1 0 -9.65599e-07 -1 -0 9.65599e-07 0.75 0
0.951056 0 -0.309018 -0.951056 -0 0.309018 0.8 0
0.809016 0 -0.587786 -0.809016 -0 0.587786 0.85 0
0.587784 0 -0.809018 -0.587784 -0 0.809018 0.9 0
0.309016 0 -0.951057 -0.309016 -0 0.951057 0.95 0
-1.60536e-06 0 -1 1.60536e-06 -0 1 1 0
-0 0.0188703 -0.956841 0 -0 1 0 0.025
-0.29568 0.0188703 -0.91001 0.309017 -0 0.951057 0.05 0.025
-0.562417 0.0188703 -0.7741 0.587785 -0 0.809017 0.1 0.025
-0.7741 0.0188703 -0.562417 0.809017 -0 0.587785 0.15 0.025
-0.91001 0.0188703 -0.29568 0.951057 -0 0.309017 0.2 0.025
-0.956841 0.0188703 4.18248e-08 1 -0 -4.37114e-08 0.25 0.025
-0.91001 0.0188703 0.29568 0.951057 -0 -0.309017 0.3 0.025
-0.7741 0.0188703 0.562417 0.809017 -0 -0.587785 0.35 0.025
-0.562417 0.0188703 0.7741 0.587785 -0 -0.809017 0.4 0.025
-0.29568 0.0188703 0.91001 0.309017 -0 -0.951057 0.45 0.025
3.11778e-07 0.0188703 0.956841 -3.25841e-07 -0 -1 0.5 0.025
0.29568 0.0188703 0.910009 -0.309017 -0 -0.951056 0.55 0.025
0.562417 0.0188703 0.7741 -0.587786 -0 -0.809017 0.6 0.025
0.774101 0.0188703 0.562416 -0.809017 -0 -0.587785 0.65 0.025
0.91001 0.0188703 0.295679 -0.951057 -0 -0.309016 0.7 0.025
0.956841 0.0188703 -9.23925e-07 -1 -0 9.65599e-07 0.75 0.025
0.910009 0.0188703 -0.295681 -0.951056 -0 0.309018 0.8 0.025
0.7741 0.0188703 -0.562418 -0.809016 -0 0.587786 0.85 0.025
0.562416 0.0188703 -0.774101 -0.587784 -0 0.809018 0.9 0.025
0.295679 0.0188703 -0.91001 -0.309016 -0 0.951057 0.95 0.025
-1.53607e-06 0.0188703 -0.956841 1.60536e-06 -0 1 1 0.025
-0 0.0452125 -0.917225 0 -0 1 0 0.05
-0.283438 0.0452125 -0.872333 0.309017 -0 0.951056 0.05 0.05
-0.539131 0.0452125 -0.742051 0.587785 -0 0.809017 0.1 0.05
-0.742051 0.0452125 -0.539131 0.809017 -0 0.587785 0.15 0.05
-0.872333 0.0452125 -0.283438 0.951056 -0 0.309017 0.2 0.05
-0.917225 0.0452125 4.00932e-08 1 -0 -4.37114e-08 0.25 0.05
-0.872333 0.0452125 0.283438 0.951056 -0 -0.309017 0.3 0.05
-0.742051 0.0452125 0.539131 0.809017 -0 -0.587785 0.35 0.05
-0.539131 0.0452125 0.742051 0.587785 -0 -0.809017 0.4 0.05
-0.283438 0.0452125 0.872333 0.309017 -0 -0.951057 0.45 0.05
2.9887e-07 0.0452125 0.917225 -3.25841e-07 -0 -1 0.5 0.05
0.283439 0.0452125 0.872333 -0.309017 -0 -0.951056 0.55 0.05
0.539132 0.0452125 0.74205 -0.587786 -0 -0.809017 0.6 0.05
0.742051 0.0452125 0.539131 -0.809017 -0 -0.587785 0.65 0.05
0.872333 0.0452125 0.283437 -0.951057 -0 -0.309016 0.7 0.05
0.917225 0.0452125 -8.85672e-07 -1 -0 9.65599e-07 0.75 0.05
0.872333 0.0452125 -0.283439 -0.951056 -0 0.309018 0.8 0.05
0.74205 0.0452125 -0.539132 -0.809016 -0 0.587786 0.85 0.05
0.53913 0.0452125 -0.742051 -0.587784 -0 0.809018 0.9 0.05
0.283437 0.0452125 -0.872333 -0.309016 -0 0.951057 0.95 0.05
-1.47247e-06 0.0452125 -0.917225 1.60536e-06 -0 1 1 0.05
-0 0.0786234 -0.880947 0 -0 1 0 0.075
-0.272228 0.0786234 -0.83783 0.309017 -0 0.951057 0.05 0.075
-0.517808 0.0786234 -0.712701 0.587785 -0 0.809017 0.1 0.075
-0.712701 0.0786234 -0.517808 0.809017 -0 0.587785 0.15 0.075
-0.83783 0.0786234 -0.272228 0.951057 -0 0.309017 0.2 0.075
-0.880947 0.0786234 3.85074e-08 1 -0 -4.37114e-08 0.25 0.075
-0.83783 0.0786234 0.272228 0.951056 -0 -0.309017 0.3 0.075
-0.712701 0.0786234 0.517808 0.809017 -0 -0.587785 0.35 0.075
-0.517808 0.0786234 0.712701 0.587785 -0 -0.809017 0.4 0.075
-0.272227 0.0786234 0.83783 0.309017 -0 -0.951057 0.45 0.075
2.87049e-07 0.0786234 0.880947 -3.25841e-07 -0 -1 0.5 0.075
0.272228 0.0786234 0.83783 -0.309017 -0 -0.951056 0.55 0.075
0.517808 0.0786234 0.712701 -0.587786 -0 -0.809017 0.6 0.075
0.712701 0.0786234 0.517807 -0.809017 -0 -0.587785 0.65 0.075
0.83783 0.0786234 0.272227 -0.951057 -0 -0.309016 0.7 0.075
0.880947 0.0786234 -8.50642e-07 -1 -0 9.65599e-07 0.75 0.075
0.83783 0.0786234 -0.272228 -0.951056 -0 0.309018 0.8 0.075
0.7127 0.0786234 -0.517808 -0.809016 -0 0.587786 0.85 0.075
0.517807 0.0786234 -0.712702 -0.587784 -0 0.809018 0.9 0.075
0.272226 0.0786234 -0.837831 -0.309016 -0 0.951057 0.95 0.075
-1.41423e-06 0.0786234 -0.880947 1.60536e-06 -0 1 1 0.075
-0 0.1187 -0.8478 0 -0 1 0 0.1
-0.261985 0.1187 -0.806306 0.309017 -0 0.951057 0.05 0.1
-0.498324 0.1187 -0.685885 0.587785 -0 0.809017 0.1 0.1
-0.685885 0.1187 -0.498324 0.809017 -0 0.587785 0.15 0.1
-0.806306 0.1187 -0.261985 0.951057 -0 0.309017 0.2 0.1
-0.8478 0.1187 3.70585e-08 1 -0 -4.37114e-08 0.25 0.1
-0.806306 0.1187 0.261985 0.951056 -0 -0.309017 0.3 0.1
-0.685885 0.1187 0.498324 0.809017 -0 -0.587785 0.35 0.1
-0.498324 0.1187 0.685885 0.587785 -0 -0.809017 0.4 0.1
-0.261984 0.1187 0.806306 0.309017 -0 -0.951057 0.45 0.1
2.76248e-07 0.1187 0.8478 -3.25841e-07 -0 -1 0.5 0.1
0.261985 0.1187 0.806306 -0.309017 -0 -0.951056 0.55 0.1
0.498325 0.1187 0.685884 -0.587786 -0 -0.809017 0.6 0.1
0.685885 0.1187 0.498324 -0.809017 -0 -0.587785 0.65 0.1
0.806306 0.1187 0.261984 -0.951057 -0 -0.309016 0.7 0.1
0.8478 0.1187 -8.18635e-07 -1 -0 9.65599e-07 0.75 0.1
0.806305 0.1187 -0.261986 -0.951056 -0 0.309018 0.8 0.1
0.685884 0.1187 -0.498325 -0.809016 -0 0.587786 0.85 0.1
0.498323 0.1187 -0.685885 -0.587784 -0 0.809018 0.9 0.1
0.261983 0.1187 -0.806306 -0.309016 -0 0.951057 0.95 0.1
-1.36102e-06 0.1187 -0.8478 1.60536e-06 -0 1 1 0.1
-0 0.165039 -0.817578 0 -0 1 0 0.125
-0.252646 0.165039 -0.777563 0.309017 -0 0.951057 0.05 0.125
-0.48056 0.165039 -0.661435 0.587785 -0 0.809017 0.1 0.125
-0.661435 0.165039 -0.48056 0.809017 -0 0.587785 0.15 0.125
-0.777563 0.165039 -0.252646 0.951057 -0 0.309017 0.2 0.125
-0.817578 0.165039 3.57375e-08 1 -0 -4.37114e-08 0.25 0.125
-0.777563 0.165039 0.252646 0.951057 -0 -0.309017 0.3 0.125
-0.661435 0.165039 0.48056 0.809017 -0 -0.587785 0.35 0.125
-0.48056 0.165039 0.661435 0.587785 -0 -0.809017 0.4 0.125
-0.252645 0.165039 0.777563 0.309017 -0 -0.951057 0.45 0.125
2.66401e-07 0.165039 0.817578 -3.25841e-07 -0 -1 0.5 0.125
0.252646 0.165039 0.777563 -0.309017 -0 -0.951056 0.55 0.125
0.480561 0.165039 0.661434 -0.587786 -0 -0.809017 0.6 0.125
0.661435 0.165039 0.48056 -0.809017 -0 -0.587785 0.65 0.125
0.777563 0.165039 0.252645 -0.951057 -0 -0.309016 0.7 0.125
0.817578 0.165039 -7.89453e-07 -1 -0 9.65599e-07 0.75 0.125
0.777563 0.165039 -0.252646 -0.951056 -0 0.309018 0.8 0.125
0.661434 0.165039 -0.480561 -0.809016 -0 0.587786 0.85 0.125
0.480559 0.165039 -0.661435 -0.587784 -0 0.809018 0.9 0.125
0.252644 0.165039 -0.777563 -0.309016 -0 0.951057 0.95 0.125
-1.3125e-06 0.165039 -0.817578 1.60536e-06 -0 1 1 0.125
-0 0.217238 -0.790075 0 -0 1 0 0.15
-0.244147 0.217238 -0.751406 0.309017 -0 0.951057 0.05 0.15
-0.464394 0.217238 -0.639184 0.587785 -0 0.809017 0.1 0.15
-0.639184 0.217238 -0.464394 0.809017 -0 0.587785 0.15 0.15
-0.751406 0.217238 -0.244147 0.951057 -0 0.309017 0.2 0.15
-0.790075 0.217238 3.45353e-08 1 -0 -4.37114e-08 0.25 0.15
-0.751406 0.217238 0.244147 0.951056 -0 -0.309017 0.3 0.15
-0.639184 0.217238 0.464394 0.809017 -0 -0.587785 0.35 0.15
-0.464394 0.217238 0.639184 0.587785 -0 -0.809017 0.4 0.15
-0.244146 0.217238 0.751406 0.309017 -0 -0.951057 0.45 0.15
2.57439e-07 0.217238 0.790075 -3.25841e-07 -0 -1 0.5 0.15
0.244147 0.217238 0.751406 -0.309017 -0 -0.951056 0.55 0.15
0.464395 0.217238 0.639184 -0.587786 -0 -0.809017 0.6 0.15
0.639184 0.217238 0.464394 -0.809017 -0 -0.587785 0.65 0.15
0.751406 0.217238 0.244146 -0.951057 -0 -0.309016 0.7 0.15
0.790075 0.217238 -7.62896e-07 -1 -0 9.65599e-07 0.75 0.15
0.751406 0.217238 -0.244147 -0.951056 -0 0.309018 0.8 0.15
0.639184 0.217238 -0.464395 -0.809016 -0 0.587786 0.85 0.15
0.464394 0.217238 -0.639185 -0.587784 -0 0.809018 0.9 0.15
0.244145 0.217238 -0.751406 -0.309016 -0 0.951057 0.95 0.15
-1.26835e-06 0.217238 -0.790075 1.60536e-06 -0 1 1 0.15
-0 0.274892 -0.765084 0 -0 1 0 0.175
-0.236424 0.274892 -0.727638 0.309017 -0 0.951056 0.05 0.175
-0.449705 0.274892 -0.618966 0.587785 -0 0.809017 0.1 0.175
-0.618966 0.274892 -0.449705 0.809017 -0 0.587785 0.15 0.175
-0.727638 0.274892 -0.236424 0.951056 -0 0.309017 0.2 0.175
-0.765084 0.274892 3.34429e-08 1 -0 -4.37114e-08 0.25 0.175
-0.727638 0.274892 0.236424 0.951056 -0 -0.309017 0.3 0.175
-0.618966 0.274892 0.449705 0.809017 -0 -0.587785 0.35 0.175
-0.449705 0.274892 0.618966 0.587785 -0 -0.809017 0.4 0.175
-0.236424 0.274892 0.727639 0.309017 -0 -0.951057 0.45 0.175
2.49296e-07 0.274892 0.765084 -3.25841e-07 -0 -1 0.5 0.175
0.236424 0.274892 0.727638 -0.309017 -0 -0.951056 0.55 0.175
0.449706 0.274892 0.618966 -0.587786 -0 -0.809017 0.6 0.175
0.618967 0.274892 0.449705 -0.809017 -0 -0.587785 0.65 0.175
0.727639 0.274892 0.236423 -0.951057 -0 -0.309016 0.7 0.175
0.765084 0.274892 -7.38765e-07 -1 -0 9.65599e-07 0.75 0.175
0.727638 0.274892 -0.236425 -0.951056 -0 0.309018 0.8 0.175
0.618966 0.274892 -0.449706 -0.809016 -0 0.587786 0.85 0.175
0.449704 0.274892 -0.618967 -0.587784 -0 0.809018 0.9 0.175
0.236423 0.274892 -0.727639 -0.309016 -0 0.951057 0.95 0.175
-1.22823e-06 0.274892 -0.765084 1.60536e-06 -0 1 1 0.175
-0 0.3376 -0.7424 0 -0 1 0 0.2
-0.229414 0.3376 -0.706064 0.309017 -0 0.951056 0.05 0.2
-0.436372 0.3376 -0.600614 0.587785 -0 0.809017 0.1 0.2
-0.600614 0.3376 -0.436372 0.809017 -0 0.587785 0.15 0.2
-0.706064 0.3376 -0.229414 0.951056 -0 0.309017 0.2 0.2
-0.7424 0.3376 3.24513e-08 1 -0 -4.37114e-08 0.25 0.2
-0.706064 0.3376 0.229414 0.951056 -0 -0.309017 0.3 0.2
-0.600614 0.3376 0.436372 0.809017 -0 -0.587785 0.35 0.2
-0.436372 0.3376 0.600614 0.587785 -0 -0.809017 0.4 0.2
-0.229414 0.3376 0.706064 0.309017 -0 -0.951057 0.45 0.2
2.41905e-07 0.3376 0.7424 -3.25841e-07 -0 -1 0.5 0.2
0.229415 0.3376 0.706064 -0.309017 -0 -0.951056 0.55 0.2
0.436372 0.3376 0.600614 -0.587786 -0 -0.809017 0.6 0.2
0.600615 0.3376 0.436371 -0.809017 -0 -0.587785 0.65 0.2
0.706065 0.3376 0.229414 -0.951057 -0 -0.309016 0.7 0.2
0.7424 0.3376 -7.16861e-07 -1 -0 9.65599e-07 0.75 0.2
0.706064 0.3376 -0.229415 -0.951056 -0 0.309018 0.8 0.2
0.600614 0.3376 -0.436373 -0.809016 -0 0.587786 0.85 0.2
0.436371 0.3376 -0.600615 -0.587784 -0 0.809018 0.9 0.2
0.229413 0.3376 -0.706065 -0.309016 -0 0.951057 0.95 0.2
-1.19182e-06 0.3376 -0.7424 1.60536e-06 -0 1 1 0.2
-0 0.404958 -0.721816 0 -0 1 0 0.225
-0.223053 0.404958 -0.686487 0.309017 -0 0.951057 0.05 0.225
-0.424273 0.404958 -0.583961 0.587785 -0 0.809017 0.1 0.225
-0.583961 0.404958 -0.424273 0.809017 -0 0.587785 0.15 0.225
-0.686487 0.404958 -0.223053 0.951057 -0 0.309017 0.2 0.225
-0.721816 0.404958 3.15516e-08 1 -0 -4.37114e-08 0.25 0.225
-0.686487 0.404958 0.223053 0.951056 -0 -0.309017 0.3 0.225
-0.583961 0.404958 0.424273 0.809017 -0 -0.587785 0.35 0.225
-0.424273 0.404958 0.583961 0.587785 -0 -0.809017 0.4 0.225
-0.223053 0.404958 0.686487 0.309017 -0 -0.951057 0.45 0.225
2.35197e-07 0.404958 0.721816 -3.25841e-07 -0 -1 0.5 0.225
0.223054 0.404958 0.686487 -0.309017 -0 -0.951056 0.55 0.225
0.424273 0.404958 0.583961 -0.587786 -0 -0.809017 0.6 0.225
0.583961 0.404958 0.424272 -0.809017 -0 -0.587785 0.65 0.225
0.686488 0.404958 0.223053 -0.951057 -0 -0.309016 0.7 0.225
0.721816 0.404958 -6.96985e-07 -1 -0 9.65599e-07 0.75 0.225
0.686487 0.404958 -0.223054 -0.951056 -0 0.309018 0.8 0.225
0.583961 0.404958 -0.424273 -0.809016 -0 0.587786 0.85 0.225
0.424272 0.404958 -0.583962 -0.587784 -0 0.809018 0.9 0.225
0.223052 0.404958 -0.686488 -0.309016 -0 0.951057 0.95 0.225
-1.15877e-06 0.404958 -0.721816 1.60536e-06 -0 1 1 0.225
-0 0.476563 -0.703125 0 -0 1 0 0.25
-0.217278 0.476563 -0.668712 0.309017 -0 0.951057 0.05 0.25
-0.413287 0.476563 -0.56884 0.587785 -0 0.809017 0.1 0.25
-0.56884 0.476563 -0.413287 0.809017 -0 0.587785 0.15 0.25
-0.668712 0.476563 -0.217278 0.951057 -0 0.309017 0.2 0.25
-0.703125 0.476563 3.07346e-08 1 -0 -4.37114e-08 0.25 0.25
-0.668712 0.476563 0.217278 0.951057 -0 -0.309017 0.3 0.25
-0.56884 0.476563 0.413286 0.809017 -0 -0.587785 0.35 0.25
-0.413286 0.476563 0.56884 0.587785 -0 -0.809017 0.4 0.25
-0.217277 0.476563 0.668712 0.309017 -0 -0.951057 0.45 0.25
2.29107e-07 0.476563 0.703125 -3.25841e-07 -0 -1 0.5 0.25
0.217278 0.476563 0.668711 -0.309017 -0 -0.951056 0.55 0.25
0.413287 0.476563 0.56884 -0.587786 -0 -0.809017 0.6 0.25
0.56884 0.476563 0.413286 -0.809017 -0 -0.587785 0.65 0.25
0.668712 0.476563 0.217277 -0.951057 -0 -0.309016 0.7 0.25
0.703125 0.476563 -6.78937e-07 -1 -0 9.65599e-07 0.75 0.25
0.668711 0.476563 -0.217278 -0.951056 -0 0.309018 0.8 0.25
0.56884 0.476563 -0.413287 -0.809016 -0 0.587786 0.85 0.25
0.413286 0.476563 -0.568841 -0.587784 -0 0.809018 0.9 0.25
0.217277 0.476563 -0.668712 -0.309016 -0 0.951057 0.95 0.25
-1.12877e-06 0.476563 -0.703125 1.60536e-06 -0 1 1 0.25
-0 0.552011 -0.686122 0 -0 1 0 0.275
-0.212023 0.552011 -0.652541 0.309017 -0 0.951056 0.05 0.275
-0.403292 0.552011 -0.555084 0.587785 -0 0.809017 0.1 0.275
-0.555084 0.552011 -0.403292 0.809017 -0 0.587785 0.15 0.275
-0.652541 0.552011 -0.212023 0.951056 -0 0.309017 0.2 0.275
-0.686122 0.552011 2.99913e-08 1 -0 -4.37114e-08 0.25 0.275
-0.652541 0.552011 0.212023 0.951056 -0 -0.309017 0.3 0.275
-0.555084 0.552011 0.403292 0.809017 -0 -0.587785 0.35 0.275
-0.403292 0.552011 0.555084 0.587785 -0 -0.809017 0.4 0.275
-0.212023 0.552011 0.652541 0.309017 -0 -0.951057 0.45 0.275
2.23567e-07 0.552011 0.686122 -3.25841e-07 -0 -1 0.5 0.275
0.212024 0.552011 0.652541 -0.309017 -0 -0.951056 0.55 0.275
0.403293 0.552011 0.555084 -0.587786 -0 -0.809017 0.6 0.275
0.555085 0.552011 0.403292 -0.809017 -0 -0.587785 0.65 0.275
0.652541 0.552011 0.212023 -0.951057 -0 -0.309016 0.7 0.275
0.686122 0.552011 -6.62519e-07 -1 -0 9.65599e-07 0.75 0.275
0.65254 0.552011 -0.212024 -0.951056 -0 0.309018 0.8 0.275
0.555084 0.552011 -0.403293 -0.809016 -0 0.587786 0.85 0.275
0.403292 0.552011 -0.555085 -0.587784 -0 0.809018 0.9 0.275
0.212022 0.552011 -0.652541 -0.309016 -0 0.951057 0.95 0.275
-1.10147e-06 0.552011 -0.686122 1.60536e-06 -0 1 1 0.275
-0 0.6309 -0.6706 0 -0 1 0 0.3
-0.207227 0.6309 -0.637779 0.309017 -0 0.951057 0.05 0.3
-0.394169 0.6309 -0.542527 0.587785 -0 0.809017 0.1 0.3
-0.542527 0.6309 -0.394169 0.809017 -0 0.587785 0.15 0.3
-0.637779 0.6309 -0.207227 0.951057 -0 0.309017 0.2 0.3
-0.6706 0.6309 2.93129e-08 1 -0 -4.37114e-08 0.25 0.3
-0.637778 0.6309 0.207227 0.951056 -0 -0.309017 0.3 0.3
-0.542527 0.6309 0.394169 0.809017 -0 -0.587785 0.35 0.3
-0.394169 0.6309 0.542527 0.587785 -0 -0.809017 0.4 0.3
-0.207227 0.6309 0.637779 0.309017 -0 -0.951057 0.45 0.3
2.18509e-07 0.6309 0.6706 -3.25841e-07 -0 -1 0.5 0.3
0.207227 0.6309 0.637778 -0.309017 -0 -0.951056 0.55 0.3
0.394169 0.6309 0.542527 -0.587786 -0 -0.809017 0.6 0.3
0.542527 0.6309 0.394168 -0.809017 -0 -0.587785 0.65 0.3
0.637779 0.6309 0.207226 -0.951057 -0 -0.309016 0.7 0.3
0.6706 0.6309 -6.47531e-07 -1 -0 9.65599e-07 0.75 0.3
0.637778 0.6309 -0.207227 -0.951056 -0 0.309018 0.8 0.3
0.542526 0.6309 -0.394169 -0.809016 -0 0.587786 0.85 0.3
0.394168 0.6309 -0.542527 -0.587784 -0 0.809018 0.9 0.3
0.207226 0.6309 -0.637779 -0.309016 -0 0.951057 0.95 0.3
-1.07655e-06 0.6309 -0.6706 1.60536e-06 -0 1 1 0.3
-0 0.712827 -0.656353 0 -0 1 0 0.325
-0.202824 0.712827 -0.624229 0.309017 -0 0.951057 0.05 0.325
-0.385795 0.712827 -0.531001 0.587785 -0 0.809017 0.1 0.325
-0.531001 0.712827 -0.385795 0.809017 -0 0.587785 0.15 0.325
-0.624229 0.712827 -0.202824 0.951057 -0 0.309017 0.2 0.325
-0.656353 0.712827 2.86901e-08 1 -0 -4.37114e-08 0.25 0.325
-0.624229 0.712827 0.202824 0.951057 -0 -0.309017 0.3 0.325
-0.531001 0.712827 0.385795 0.809017 -0 -0.587785 0.35 0.325
-0.385795 0.712827 0.531001 0.587785 -0 -0.809017 0.4 0.325
-0.202824 0.712827 0.624229 0.309017 -0 -0.951057 0.45 0.325
2.13867e-07 0.712827 0.656353 -3.25841e-07 -0 -1 0.5 0.325
0.202825 0.712827 0.624229 -0.309017 -0 -0.951056 0.55 0.325
0.385795 0.712827 0.531001 -0.587786 -0 -0.809017 0.6 0.325
0.531001 0.712827 0.385794 -0.809017 -0 -0.587785 0.65 0.325
0.624229 0.712827 0.202824 -0.951057 -0 -0.309016 0.7 0.325
0.656353 0.712827 -6.33774e-07 -1 -0 9.65599e-07 0.75 0.325
0.624229 0.712827 -0.202825 -0.951056 -0 0.309018 0.8 0.325
0.531 0.712827 -0.385795 -0.809016 -0 0.587786 0.85 0.325
0.385794 0.712827 -0.531001 -0.587784 -0 0.809018 0.9 0.325
0.202823 0.712827 -0.624229 -0.309016 -0 0.951057 0.95 0.325
-1.05368e-06 0.712827 -0.656353 1.60536e-06 -0 1 1 0.325
-0 0.797388 -0.643175 0 -0 1 0 0.35
-0.198752 0.797388 -0.611696 0.309017 -0 0.951056 0.05 0.35
-0.378049 0.797388 -0.520339 0.587785 -0 0.809017 0.1 0.35
-0.520339 0.797388 -0.378049 0.809017 -0 0.587785 0.15 0.35
-0.611696 0.797388 -0.198752 0.951056 -0 0.309017 0.2 0.35
-0.643175 0.797388 2.81141e-08 1 -0 -4.37114e-08 0.25 0.35
-0.611696 0.797388 0.198752 0.951056 -0 -0.309017 0.3 0.35
-0.520339 0.797388 0.378049 0.809017 -0 -0.587785 0.35 0.35
-0.378049 0.797388 0.52034 0.587785 -0 -0.809017 0.4 0.35
-0.198752 0.797388 0.611696 0.309017 -0 -0.951057 0.45 0.35
2.09573e-07 0.797388 0.643175 -3.25841e-07 -0 -1 0.5 0.35
0.198752 0.797388 0.611696 -0.309017 -0 -0.951056 0.55 0.35
0.378049 0.797388 0.520339 -0.587786 -0 -0.809017 0.6 0.35
0.52034 0.797388 0.378048 -0.809017 -0 -0.587785 0.65 0.35
0.611696 0.797388 0.198751 -0.951057 -0 -0.309016 0.7 0.35
0.643175 0.797388 -6.21049e-07 -1 -0 9.65599e-07 0.75 0.35
0.611696 0.797388 -0.198753 -0.951056 -0 0.309018 0.8 0.35
0.520339 0.797388 -0.378049 -0.809016 -0 0.587786 0.85 0.35
0.378048 0.797388 -0.52034 -0.587784 -0 0.809018 0.9 0.35
0.198751 0.797388 -0.611696 -0.309016 -0 0.951057 0.95 0.35
-1.03253e-06 0.797388 -0.643175 1.60536e-06 -0 1 1 0.35
-0 0.88418 -0.630859 0 -0 1 0 0.375
-0.194946 0.88418 -0.599983 0.309017 -0 0.951056 0.05 0.375
-0.37081 0.88418 -0.510376 0.587785 -0 0.809017 0.1 0.375
-0.510376 0.88418 -0.37081 0.809017 -0 0.587785 0.15 0.375
-0.599983 0.88418 -0.194946 0.951056 -0 0.309017 0.2 0.375
-0.630859 0.88418 2.75757e-08 1 -0 -4.37114e-08 0.25 0.375
-0.599983 0.88418 0.194946 0.951056 -0 -0.309017 0.3 0.375
-0.510376 0.88418 0.37081 0.809017 -0 -0.587785 0.35 0.375
-0.37081 0.88418 0.510376 0.587785 -0 -0.809017 0.4 0.375
-0.194946 0.88418 0.599983 0.309017 -0 -0.951057 0.45 0.375
2.0556e-07 0.88418 0.630859 -3.25841e-07 -0 -1 0.5 0.375
0.194947 0.88418 0.599983 -0.309017 -0 -0.951056 0.55 0.375
0.37081 0.88418 0.510376 -0.587786 -0 -0.809017 0.6 0.375
0.510376 0.88418 0.370809 -0.809017 -0 -0.587785 0.65 0.375
0.599983 0.88418 0.194946 -0.951057 -0 -0.309016 0.7 0.375
0.630859 0.88418 -6.09157e-07 -1 -0 9.65599e-07 0.75 0.375
0.599983 0.88418 -0.194947 -0.951056 -0 0.309018 0.8 0.375
0.510375 0.88418 -0.37081 -0.809016 -0 0.587786 0.85 0.375
0.370809 0.88418 -0.510376 -0.587784 -0 0.809018 0.9 0.375
0.194945 0.88418 -0.599983 -0.309016 -0 0.951057 0.95 0.375
-1.01275e-06 0.88418 -0.630859 1.60536e-06 -0 1 1 0.375
-0 0.9728 -0.6192 0 -0 1 0 0.4
-0.191343 0.9728 -0.588894 0.309017 -0 0.951057 0.05 0.4
-0.363957 0.9728 -0.500943 0.587785 -0 0.809017 0.1 0.4
-0.500943 0.9728 -0.363957 0.809017 -0 0.587785 0.15 0.4
-0.588894 0.9728 -0.191343 0.951057 -0 0.309017 0.2 0.4
-0.6192 0.9728 2.70661e-08 1 -0 -4.37114e-08 0.25 0.4
-0.588894 0.9728 0.191343 0.951057 -0 -0.309017 0.3 0.4
-0.500943 0.9728 0.363957 0.809017 -0 -0.587785 0.35 0.4
-0.363957 0.9728 0.500943 0.587785 -0 -0.809017 0.4 0.4
-0.191343 0.9728 0.588894 0.309017 -0 -0.951057 0.45 0.4
2.01761e-07 0.9728 0.6192 -3.25841e-07 -0 -1 0.5 0.4
0.191344 0.9728 0.588894 -0.309017 -0 -0.951056 0.55 0.4
0.363957 0.9728 0.500943 -0.587786 -0 -0.809017 0.6 0.4
0.500944 0.9728 0.363956 -0.809017 -0 -0.587785 0.65 0.4
0.588894 0.9728 0.191343 -0.951057 -0 -0.309016 0.7 0.4
0.6192 0.9728 -5.97899e-07 -1 -0 9.65599e-07 0.75 0.4
0.588894 0.9728 -0.191344 -0.951056 -0 0.309018 0.8 0.4
0.500943 0.9728 -0.363957 -0.809016 -0 0.587786 0.85 0.4
0.363956 0.9728 -0.500944 -0.587784 -0 0.809018 0.9 0.4
0.191342 0.9728 -0.588894 -0.309016 -0 0.951057 0.95 0.4
-9.94037e-07 0.9728 -0.6192 1.60536e-06 -0 1 1 0.4
-0 1.06285 -0.607991 0 -0 1 0 0.425
-0.187879 1.06285 -0.578233 0.309017 -0 0.951057 0.05 0.425
-0.357368 1.06285 -0.491875 0.587785 -0 0.809017 0.1 0.425
-0.491875 1.06285 -0.357368 0.809017 -0 0.587785 0.15 0.425
-0.578233 1.06285 -0.187879 0.951057 -0 0.309017 0.2 0.425
-0.607991 1.06285 2.65761e-08 1 -0 -4.37114e-08 0.25 0.425
-0.578233 1.06285 0.187879 0.951056 -0 -0.309017 0.3 0.425
-0.491875 1.06285 0.357368 0.809017 -0 -0.587785 0.35 0.425
-0.357368 1.06285 0.491875 0.587785 -0 -0.809017 0.4 0.425
-0.187879 1.06285 0.578233 0.309017 -0 -0.951057 0.45 0.425
1.98108e-07 1.06285 0.607991 -3.25841e-07 -0 -1 0.5 0.425
0.18788 1.06285 0.578233 -0.309017 -0 -0.951056 0.55 0.425
0.357368 1.06285 0.491875 -0.587786 -0 -0.809017 0.6 0.425
0.491875 1.06285 0.357368 -0.809017 -0 -0.587785 0.65 0.425
0.578234 1.06285 0.187879 -0.951057 -0 -0.309016 0.7 0.425
0.607991 1.06285 -5.87075e-07 -1 -0 9.65599e-07 0.75 0.425
0.578233 1.06285 -0.18788 -0.951056 -0 0.309018 0.8 0.425
0.491874 1.06285 -0.357369 -0.809016 -0 0.587786 0.85 0.425
0.357367 1.06285 -0.491875 -0.587784 -0 0.809018 0.9 0.425
0.187879 1.06285 -0.578234 -0.309016 -0 0.951057 0.95 0.425
-9.76042e-07 1.06285 -0.607991 1.60536e-06 -0 1 1 0.425
-0 1.15391 -0.597025 0 -0 1 0 0.45
-0.184491 1.15391 -0.567805 0.309017 -0 0.951057 0.05 0.45
-0.350922 1.15391 -0.483003 0.587785 -0 0.809017 0.1 0.45
-0.483003 1.15391 -0.350922 0.809017 -0 0.587785 0.15 0.45
-0.567805 1.15391 -0.184491 0.951057 -0 0.309017 0.2 0.45
-0.597025 1.15391 2.60968e-08 1 -0 -4.37114e-08 0.25 0.45
-0.567804 1.15391 0.184491 0.951056 -0 -0.309017 0.3 0.45
-0.483003 1.15391 0.350922 0.809017 -0 -0.587785 0.35 0.45
-0.350922 1.15391 0.483003 0.587785 -0 -0.809017 0.4 0.45
-0.184491 1.15391 0.567805 0.309017 -0 -0.951057 0.45 0.45
1.94535e-07 1.15391 0.597025 -3.25841e-07 -0 -1 0.5 0.45
0.184491 1.15391 0.567804 -0.309017 -0 -0.951056 0.55 0.45
0.350923 1.15391 0.483003 -0.587786 -0 -0.809017 0.6 0.45
0.483004 1.15391 0.350922 -0.809017 -0 -0.587785 0.65 0.45
0.567805 1.15391 0.18449 -0.951057 -0 -0.309016 0.7 0.45
0.597025 1.15391 -5.76487e-07 -1 -0 9.65599e-07 0.75 0.45
0.567804 1.15391 -0.184491 -0.951056 -0 0.309018 0.8 0.45
0.483003 1.15391 -0.350923 -0.809016 -0 0.587786 0.85 0.45
0.350922 1.15391 -0.483004 -0.587784 -0 0.809018 0.9 0.45
0.18449 1.15391 -0.567805 -0.309016 -0 0.951057 0.95 0.45
-9.58438e-07 1.15391 -0.597025 1.60536e-06 -0 1 1 0.45
-0 1.2456 -0.586097 0 -0 1 0 0.475
-0.181114 1.2456 -0.557411 0.309017 -0 0.951056 0.05 0.475
-0.344499 1.2456 -0.474162 0.587785 -0 0.809017 0.1 0.475
-0.474162 1.2456 -0.344499 0.809017 -0 0.587785 0.15 0.475
-0.557411 1.2456 -0.181114 0.951056 -0 0.309017 0.2 0.475
-0.586097 1.2456 2.56191e-08 1 -0 -4.37114e-08 0.25 0.475
-0.557411 1.2456 0.181114 0.951056 -0 -0.309017 0.3 0.475
-0.474162 1.2456 0.344499 0.809017 -0 -0.587785 0.35 0.475
-0.344499 1.2456 0.474162 0.587785 -0 -0.809017 0.4 0.475
-0.181114 1.2456 0.557411 0.309017 -0 -0.951057 0.45 0.475
1.90975e-07 1.2456 0.586097 -3.25841e-07 -0 -1 0.5 0.475
0.181114 1.2456 0.557411 -0.309017 -0 -0.951056 0.55 0.475
0.344499 1.2456 0.474162 -0.587786 -0 -0.809017 0.6 0.475
0.474163 1.2456 0.344499 -0.809017 -0 -0.587785 0.65 0.475
0.557411 1.2456 0.181113 -0.951057 -0 -0.309016 0.7 0.475
0.586097 1.2456 -5.65935e-07 -1 -0 9.65599e-07 0.75 0.475
0.557411 1.2456 -0.181114 -0.951056 -0 0.309018 0.8 0.475
0.474162 1.2456 -0.3445 -0.809016 -0 0.587786 0.85 0.475
0.344498 1.2456 -0.474163 -0.587784 -0 0.809018 0.9 0.475
0.181113 1.2456 -0.557411 -0.309016 -0 0.951057 0.95 0.475
-9.40895e-07 1.2456 -0.586097 1.60536e-06 -0 1 1 0.475
-0 1.3375 -0.575 0 -0 1 0 0.5
-0.177685 1.3375 -0.546857 0.309017 -0 0.951057 0.05 0.5
-0.337977 1.3375 -0.465185 0.587785 -0 0.809017 0.1 0.5
-0.465185 1.3375 -0.337977 0.809017 -0 0.587785 0.15 0.5
-0.546857 1.3375 -0.177685 0.951057 -0 0.309017 0.2 0.5
-0.575 1.3375 2.5134e-08 1 -0 -4.37114e-08 0.25 0.5
-0.546857 1.3375 0.177685 0.951057 -0 -0.309017 0.3 0.5
-0.465185 1.3375 0.337976 0.809017 -0 -0.587785 0.35 0.5
-0.337976 1.3375 0.465185 0.587785 -0 -0.809017 0.4 0.5
-0.177685 1.3375 0.546858 0.309017 -0 -0.951057 0.45 0.5
1.87359e-07 1.3375 0.575 -3.25841e-07 -0 -1 0.5 0.5
0.177685 1.3375 0.546857 -0.309017 -0 -0.951056 0.55 0.5
0.337977 1.3375 0.465185 -0.587786 -0 -0.809017 0.6 0.5
0.465185 1.3375 0.337976 -0.809017 -0 -0.587785 0.65 0.5
0.546858 1.3375 0.177684 -0.951057 -0 -0.309016 0.7 0.5
0.575 1.3375 -5.5522e-07 -1 -0 9.65599e-07 0.75 0.5
0.546857 1.3375 -0.177685 -0.951056 -0 0.309018 0.8 0.5
0.465184 1.3375 -0.337977 -0.809016 -0 0.587786 0.85 0.5
0.337976 1.3375 -0.465185 -0.587784 -0 0.809018 0.9 0.5
0.177684 1.3375 -0.546858 -0.309016 -0 0.951057 0.95 0.5
-9.2308e-07 1.3375 -0.575 1.60536e-06 -0 1 1 0.5
-0 1.42921 -0.563528 0 -0 1 0 0.525
-0.17414 1.42921 -0.535947 0.309017 -0 0.951056 0.05 0.525
-0.331234 1.42921 -0.455904 0.587785 -0 0.809017 0.1 0.525
-0.455904 1.42921 -0.331234 0.809017 -0 0.587785 0.15 0.525
-0.535947 1.42921 -0.17414 0.951056 -0 0.309017 0.2 0.525
-0.563528 1.42921 2.46326e-08 1 -0 -4.37114e-08 0.25 0.525
-0.535947 1.42921 0.17414 0.951056 -0 -0.309017 0.3 0.525
-0.455904 1.42921 0.331233 0.809017 -0 -0.587785 0.35 0.525
-0.331233 1.42921 0.455904 0.587785 -0 -0.809017 0.4 0.525
-0.17414 1.42921 0.535947 0.309017 -0 -0.951057 0.45 0.525
1.83621e-07 1.42921 0.563528 -3.25841e-07 -0 -1 0.5 0.525
0.17414 1.42921 0.535947 -0.309017 -0 -0.951056 0.55 0.525
0.331234 1.42921 0.455904 -0.587786 -0 -0.809017 0.6 0.525
0.455904 1.42921 0.331233 -0.809017 -0 -0.587785 0.65 0.525
0.535947 1.42921 0.174139 -0.951057 -0 -0.309016 0.7 0.525
0.563528 1.42921 -5.44142e-07 -1 -0 9.65599e-07 0.75 0.525
0.535947 1.42921 -0.17414 -0.951056 -0 0.309018 0.8 0.525
0.455903 1.42921 -0.331234 -0.809016 -0 0.587786 0.85 0.525
0.331233 1.42921 -0.455904 -0.587784 -0 0.809018 0.9 0.525
0.174139 1.42921 -0.535947 -0.309016 -0 0.951057 0.95 0.525
-9.04664e-07 1.42921 -0.563528 1.60536e-06 -0 1 1 0.525
-0 1.52034 -0.551475 0 -0 1 0 0.55
-0.170415 1.52034 -0.524484 0.309017 -0 0.951057 0.05 0.55
-0.324149 1.52034 -0.446153 0.587785 -0 0.809017 0.1 0.55
-0.446153 1.52034 -0.324149 0.809017 -0 0.587785 0.15 0.55
-0.524484 1.52034 -0.170415 0.951057 -0 0.309017 0.2 0.55
-0.551475 1.52034 2.41057e-08 1 -0 -4.37114e-08 0.25 0.55
-0.524484 1.52034 0.170415 0.951056 -0 -0.309017 0.3 0.55
-0.446153 1.52034 0.324149 0.809017 -0 -0.587785 0.35 0.55
-0.324149 1.52034 0.446153 0.587785 -0 -0.809017 0.4 0.55
-0.170415 1.52034 0.524484 0.309017 -0 -0.951057 0.45 0.55
1.79693e-07 1.52034 0.551475 -3.25841e-07 -0 -1 0.5 0.55
0.170415 1.52034 0.524484 -0.309017 -0 -0.951056 0.55 0.55
0.324149 1.52034 0.446152 -0.587786 -0 -0.809017 0.6 0.55
0.446153 1.52034 0.324149 -0.809017 -0 -0.587785 0.65 0.55
0.524484 1.52034 0.170415 -0.951057 -0 -0.309016 0.7 0.55
0.551475 1.52034 -5.32504e-07 -1 -0 9.65599e-07 0.75 0.55
0.524484 1.52034 -0.170416 -0.951056 -0 0.309018 0.8 0.55
0.446152 1.52034 -0.324149 -0.809016 -0 0.587786 0.85 0.55
0.324148 1.52034 -0.446153 -0.587784 -0 0.809018 0.9 0.55
0.170414 1.52034 -0.524484 -0.309016 -0 0.951057 0.95 0.55
-8.85314e-07 1.52034 -0.551475 1.60536e-06 -0 1 1 0.55
-0 1.61047 -0.538634 0 -0 1 0 0.575
-0.166447 1.61047 -0.512272 0.309017 -0 0.951056 0.05 0.575
-0.316601 1.61047 -0.435764 0.587785 -0 0.809017 0.1 0.575
-0.435764 1.61047 -0.316601 0.809017 -0 0.587785 0.15 0.575
-0.512272 1.61047 -0.166447 0.951056 -0 0.309017 0.2 0.575
-0.538634 1.61047 2.35445e-08 1 -0 -4.37114e-08 0.25 0.575
-0.512272 1.61047 0.166447 0.951056 -0 -0.309017 0.3 0.575
-0.435764 1.61047 0.316601 0.809017 -0 -0.587785 0.35 0.575
-0.316601 1.61047 0.435764 0.587785 -0 -0.809017 0.4 0.575
-0.166447 1.61047 0.512272 0.309017 -0 -0.951057 0.45 0.575
1.75509e-07 1.61047 0.538634 -3.25841e-07 -0 -1 0.5 0.575
0.166447 1.61047 0.512272 -0.309017 -0 -0.951056 0.55 0.575
0.316602 1.61047 0.435764 -0.587786 -0 -0.809017 0.6 0.575
0.435765 1.61047 0.316601 -0.809017 -0 -0.587785 0.65 0.575
0.512272 1.61047 0.166447 -0.951057 -0 -0.309016 0.7 0.575
0.538634 1.61047 -5.20105e-07 -1 -0 9.65599e-07 0.75 0.575
0.512272 1.61047 -0.166448 -0.951056 -0 0.309018 0.8 0.575
0.435764 1.61047 -0.316602 -0.809016 -0 0.587786 0.85 0.575
0.316601 1.61047 -0.435765 -0.587784 -0 0.809018 0.9 0.575
0.166446 1.61047 -0.512272 -0.309016 -0 0.951057 0.95 0.575
-8.647e-07 1.61047 -0.538634 1.60536e-06 -0 1 1 0.575
-0 1.6992 -0.5248 0 -0 1 0 0.6
-0.162172 1.6992 -0.499114 0.309017 -0 0.951057 0.05 0.6
-0.30847 1.6992 -0.424572 0.587785 -0 0.809017 0.1 0.6
-0.424572 1.6992 -0.30847 0.809017 -0 0.587785 0.15 0.6
-0.499114 1.6992 -0.162172 0.951057 -0 0.309017 0.2 0.6
-0.5248 1.6992 2.29397e-08 1 -0 -4.37114e-08 0.25 0.6
-0.499114 1.6992 0.162172 0.951056 -0 -0.309017 0.3 0.6
-0.424572 1.6992 0.30847 0.809017 -0 -0.587785 0.35 0.6
-0.30847 1.6992 0.424572 0.587785 -0 -0.809017 0.4 0.6
-0.162172 1.6992 0.499115 0.309017 -0 -0.951057 0.45 0.6
1.71002e-07 1.6992 0.5248 -3.25841e-07 -0 -1 0.5 0.6
0.162172 1.6992 0.499114 -0.309017 -0 -0.951056 0.55 0.6
0.30847 1.6992 0.424572 -0.587786 -0 -0.809017 0.6 0.6
0.424572 1.6992 0.308469 -0.809017 -0 -0.587785 0.65 0.6
0.499115 1.6992 0.162172 -0.951057 -0 -0.309016 0.7 0.6
0.5248 1.6992 -5.06746e-07 -1 -0 9.65599e-07 0.75 0.6
0.499114 1.6992 -0.162173 -0.951056 -0 0.309018 0.8 0.6
0.424572 1.6992 -0.30847 -0.809016 -0 0.587786 0.85 0.6
0.308469 1.6992 -0.424573 -0.587784 -0 0.809018 0.9 0.6
0.162171 1.6992 -0.499115 -0.309016 -0 0.951057 0.95 0.6
-8.42491e-07 1.6992 -0.5248 1.60536e-06 -0 1 1 0.6
-0 1.78613 -0.509766 0 -0 1 0 0.625
-0.157526 1.78613 -0.484816 0.309017 -0 0.951056 0.05 0.625
-0.299633 1.78613 -0.412409 0.587785 -0 0.809017 0.1 0.625
-0.412409 1.78613 -0.299633 0.809017 -0 0.587785 0.15 0.625
-0.484816 1.78613 -0.157526 0.951056 -0 0.309017 0.2 0.625
-0.509766 1.78613 2.22826e-08 1 -0 -4.37114e-08 0.25 0.625
-0.484816 1.78613 0.157526 0.951056 -0 -0.309017 0.3 0.625
-0.412409 1.78613 0.299633 0.809017 -0 -0.587785 0.35 0.625
-0.299633 1.78613 0.412409 0.587785 -0 -0.809017 0.4 0.625
-0.157526 1.78613 0.484816 0.309017 -0 -0.951057 0.45 0.625
1.66103e-07 1.78613 0.509766 -3.25841e-07 -0 -1 0.5 0.625
0.157526 1.78613 0.484816 -0.309017 -0 -0.951056 0.55 0.625
0.299633 1.78613 0.412409 -0.587786 -0 -0.809017 0.6 0.625
0.412409 1.78613 0.299632 -0.809017 -0 -0.587785 0.65 0.625
0.484816 1.78613 0.157526 -0.951057 -0 -0.309016 0.7 0.625
0.509766 1.78613 -4.92229e-07 -1 -0 9.65599e-07 0.75 0.625
0.484816 1.78613 -0.157527 -0.951056 -0 0.309018 0.8 0.625
0.412409 1.78613 -0.299633 -0.809016 -0 0.587786 0.85 0.625
0.299632 1.78613 -0.41241 -0.587784 -0 0.809018 0.9 0.625
0.157526 1.78613 -0.484816 -0.309016 -0 0.951057 0.95 0.625
-8.18356e-07 1.78613 -0.509766 1.60536e-06 -0 1 1 0.625
-0 1.87086 -0.493325 0 -0 1 0 0.65
-0.152446 1.87086 -0.46918 0.309017 -0 0.951056 0.05 0.65
-0.289969 1.87086 -0.399108 0.587785 -0 0.809017 0.1 0.65
-0.399108 1.87086 -0.289969 0.809017 -0 0.587785 0.15 0.65
-0.46918 1.87086 -0.152446 0.951056 -0 0.309017 0.2 0.65
-0.493325 1.87086 2.15639e-08 1 -0 -4.37114e-08 0.25 0.65
-0.46918 1.87086 0.152446 0.951056 -0 -0.309017 0.3 0.65
-0.399108 1.87086 0.289969 0.809017 -0 -0.587785 0.35 0.65
-0.289969 1.87086 0.399108 0.587785 -0 -0.809017 0.4 0.65
-0.152446 1.87086 0.46918 0.309017 -0 -0.951057 0.45 0.65
1.60746e-07 1.87086 0.493325 -3.25841e-07 -0 -1 0.5 0.65
0.152446 1.87086 0.46918 -0.309017 -0 -0.951056 0.55 0.65
0.289969 1.87086 0.399108 -0.587786 -0 -0.809017 0.6 0.65
0.399109 1.87086 0.289969 -0.809017 -0 -0.587785 0.65 0.65
0.46918 1.87086 0.152445 -0.951057 -0 -0.309016 0.7 0.65
0.493325 1.87086 -4.76354e-07 -1 -0 9.65599e-07 0.75 0.65
0.46918 1.87086 -0.152446 -0.951056 -0 0.309018 0.8 0.65
0.399108 1.87086 -0.28997 -0.809016 -0 0.587786 0.85 0.65
0.289969 1.87086 -0.399109 -0.587784 -0 0.809018 0.9 0.65
0.152445 1.87086 -0.46918 -0.309016 -0 0.951057 0.95 0.65
-7.91963e-07 1.87086 -0.493325 1.60536e-06 -0 1 1 0.65
-0 1.95299 -0.475272 0 -0 1 0 0.675
-0.146867 1.95299 -0.452011 0.309017 -0 0.951057 0.05 0.675
-0.279358 1.95299 -0.384503 0.587785 -0 0.809017 0.1 0.675
-0.384503 1.95299 -0.279358 0.809017 -0 0.587785 0.15 0.675
-0.452011 1.95299 -0.146867 0.951057 -0 0.309017 0.2 0.675
-0.475272 1.95299 2.07748e-08 1 -0 -4.37114e-08 0.25 0.675
-0.45201 1.95299 0.146867 0.951056 -0 -0.309017 0.3 0.675
-0.384503 1.95299 0.279358 0.809017 -0 -0.587785 0.35 0.675
-0.279358 1.95299 0.384503 0.587785 -0 -0.809017 0.4 0.675
-0.146867 1.95299 0.452011 0.309017 -0 -0.951057 0.45 0.675
1.54863e-07 1.95299 0.475272 -3.25841e-07 -0 -1 0.5 0.675
0.146867 1.95299 0.45201 -0.309017 -0 -0.951056 0.55 0.675
0.279358 1.95299 0.384503 -0.587786 -0 -0.809017 0.6 0.675
0.384503 1.95299 0.279358 -0.809017 -0 -0.587785 0.65 0.675
0.452011 1.95299 0.146867 -0.951057 -0 -0.309016 0.7 0.675
0.475272 1.95299 -4.58922e-07 -1 -0 9.65599e-07 0.75 0.675
0.45201 1.95299 -0.146868 -0.951056 -0 0.309018 0.8 0.675
0.384503 1.95299 -0.279358 -0.809016 -0 0.587786 0.85 0.675
0.279357 1.95299 -0.384503 -0.587784 -0 0.809018 0.9 0.675
0.146866 1.95299 -0.452011 -0.309016 -0 0.951057 0.95 0.675
-7.62981e-07 1.95299 -0.475272 1.60536e-06 -0 1 1 0.675
-0 2.0321 -0.4554 0 -0 1 0 0.7
-0.140726 2.0321 -0.433111 0.309017 -0 0.951057 0.05 0.7
-0.267677 2.0321 -0.368426 0.587785 -0 0.809017 0.1 0.7
-0.368426 2.0321 -0.267677 0.809017 -0 0.587785 0.15 0.7
-0.433111 2.0321 -0.140726 0.951057 -0 0.309017 0.2 0.7
-0.4554 2.0321 1.99062e-08 1 -0 -4.37114e-08 0.25 0.7
-0.433111 2.0321 0.140726 0.951057 -0 -0.309017 0.3 0.7
-0.368426 2.0321 0.267677 0.809017 -0 -0.587785 0.35 0.7
-0.267677 2.0321 0.368426 0.587785 -0 -0.809017 0.4 0.7
-0.140726 2.0321 0.433111 0.309017 -0 -0.951057 0.45 0.7
1.48388e-07 2.0321 0.4554 -3.25841e-07 -0 -1 0.5 0.7
0.140727 2.0321 0.433111 -0.309017 -0 -0.951056 0.55 0.7
0.267678 2.0321 0.368426 -0.587786 -0 -0.809017 0.6 0.7
0.368427 2.0321 0.267677 -0.809017 -0 -0.587785 0.65 0.7
0.433111 2.0321 0.140726 -0.951057 -0 -0.309016 0.7 0.7
0.4554 2.0321 -4.39734e-07 -1 -0 9.65599e-07 0.75 0.7
0.433111 2.0321 -0.140727 -0.951056 -0 0.309018 0.8 0.7
0.368426 2.0321 -0.267678 -0.809016 -0 0.587786 0.85 0.7
0.267677 2.0321 -0.368427 -0.587784 -0 0.809018 0.9 0.7
0.140726 2.0321 -0.433111 -0.309016 -0 0.951057 0.95 0.7
-7.3108e-07 2.0321 -0.4554 1.60536e-06 -0 1 1 0.7
-0 2.1078 -0.433503 0 -0 1 0 0.725
-0.13396 2.1078 -0.412286 0.309017 -0 0.951057 0.05 0.725
-0.254807 2.1078 -0.350712 0.587785 -0 0.809017 0.1 0.725
-0.350712 2.1078 -0.254807 0.809017 -0 0.587785 0.15 0.725
-0.412286 2.1078 -0.13396 0.951057 -0 0.309017 0.2 0.725
-0.433503 2.1078 1.8949e-08 1 -0 -4.37114e-08 0.25 0.725
-0.412286 2.1078 0.13396 0.951057 -0 -0.309017 0.3 0.725
-0.350712 2.1078 0.254807 0.809017 -0 -0.587785 0.35 0.725
-0.254807 2.1078 0.350712 0.587785 -0 -0.809017 0.4 0.725
-0.13396 2.1078 0.412286 0.309017 -0 -0.951057 0.45 0.725
1.41253e-07 2.1078 0.433503 -3.25841e-07 -0 -1 0.5 0.725
0.13396 2.1078 0.412286 -0.309017 -0 -0.951056 0.55 0.725
0.254807 2.1078 0.350711 -0.587786 -0 -0.809017 0.6 0.725
0.350712 2.1078 0.254807 -0.809017 -0 -0.587785 0.65 0.725
0.412286 2.1078 0.13396 -0.951057 -0 -0.309016 0.7 0.725
0.433503 2.1078 -4.1859e-07 -1 -0 9.65599e-07 0.75 0.725
0.412286 2.1078 -0.13396 -0.951056 -0 0.309018 0.8 0.725
0.350711 2.1078 -0.254807 -0.809016 -0 0.587786 0.85 0.725
0.254806 2.1078 -0.350712 -0.587784 -0 0.809018 0.9 0.725
0.133959 2.1078 -0.412286 -0.309016 -0 0.951057 0.95 0.725
-6.95928e-07 2.1078 -0.433503 1.60536e-06 -0 1 1 0.725
-0 2.17969 -0.409375 0 -0 1 0 0.75
-0.126504 2.17969 -0.389339 0.309017 -0 0.951056 0.05 0.75
-0.240625 2.17969 -0.331191 0.587785 -0 0.809017 0.1 0.75
-0.331191 2.17969 -0.240625 0.809017 -0 0.587785 0.15 0.75
-0.389339 2.17969 -0.126504 0.951056 -0 0.309017 0.2 0.75
-0.409375 2.17969 1.78944e-08 1 -0 -4.37114e-08 0.25 0.75
-0.389339 2.17969 0.126504 0.951056 -0 -0.309017 0.3 0.75
-0.331191 2.17969 0.240625 0.809017 -0 -0.587785 0.35 0.75
-0.240625 2.17969 0.331192 0.587785 -0 -0.809017 0.4 0.75
-0.126504 2.17969 0.389339 0.309017 -0 -0.951057 0.45 0.75
1.33391e-07 2.17969 0.409375 -3.25841e-07 -0 -1 0.5 0.75
0.126504 2.17969 0.389339 -0.309017 -0 -0.951056 0.55 0.75
0.240625 2.17969 0.331191 -0.587786 -0 -0.809017 0.6 0.75
0.331192 2.17969 0.240624 -0.809017 -0 -0.587785 0.65 0.75
0.389339 2.17969 0.126504 -0.951057 -0 -0.309016 0.7 0.75
0.409375 2.17969 -3.95292e-07 -1 -0 9.65599e-07 0.75 0.75
0.389339 2.17969 -0.126504 -0.951056 -0 0.309018 0.8 0.75
0.331191 2.17969 -0.240625 -0.809016 -0 0.587786 0.85 0.75
0.240624 2.17969 -0.331192 -0.587784 -0 0.809018 0.9 0.75
0.126503 2.17969 -0.389339 -0.309016 -0 0.951057 0.95 0.75
-6.57193e-07 2.17969 -0.409375 1.60536e-06 -0 1 1 0.75
-0 2.24735 -0.38281 0 -0 1 0 0.775
-0.118295 2.24735 -0.364074 0.309017 -0 0.951057 0.05 0.775
-0.22501 2.24735 -0.309699 0.587785 -0 0.809017 0.1 0.775
-0.309699 2.24735 -0.22501 0.809017 -0 0.587785 0.15 0.775
-0.364074 2.24735 -0.118295 0.951057 -0 0.309017 0.2 0.775
-0.38281 2.24735 1.67331e-08 1 -0 -4.37114e-08 0.25 0.775
-0.364074 2.24735 0.118295 0.951056 -0 -0.309017 0.3 0.775
-0.309699 2.24735 0.22501 0.809017 -0 -0.587785 0.35 0.775
-0.22501 2.24735 0.3097 0.587785 -0 -0.809017 0.4 0.775
-0.118295 2.24735 0.364074 0.309017 -0 -0.951057 0.45 0.775
1.24735e-07 2.24735 0.38281 -3.25841e-07 -0 -1 0.5 0.775
0.118295 2.24735 0.364074 -0.309017 -0 -0.951056 0.55 0.775
0.22501 2.24735 0.309699 -0.587786 -0 -0.809017 0.6 0.775
0.3097 2.24735 0.22501 -0.809017 -0 -0.587785 0.65 0.775
0.364074 2.24735 0.118294 -0.951057 -0 -0.309016 0.7 0.775
0.38281 2.24735 -3.69641e-07 -1 -0 9.65599e-07 0.75 0.775
0.364073 2.24735 -0.118295 -0.951056 -0 0.309018 0.8 0.775
0.309699 2.24735 -0.22501 -0.809016 -0 0.587786 0.85 0.775
0.225009 2.24735 -0.3097 -0.587784 -0 0.809018 0.9 0.775
0.118294 2.24735 -0.364074 -0.309016 -0 0.951057 0.95 0.775
-6.14546e-07 2.24735 -0.38281 1.60536e-06 -0 1 1 0.775
-0 2.3104 -0.3536 0 -0 1 0 0.8
-0.109269 2.3104 -0.336294 0.309017 -0 0.951057 0.05 0.8
-0.207841 2.3104 -0.286069 0.587785 -0 0.809017 0.1 0.8
-0.286069 2.3104 -0.207841 0.809017 -0 0.587785 0.15 0.8
-0.336294 2.3104 -0.109268 0.951057 -0 0.309017 0.2 0.8
-0.3536 2.3104 1.54564e-08 1 -0 -4.37114e-08 0.25 0.8
-0.336294 2.3104 0.109269 0.951056 -0 -0.309017 0.3 0.8
-0.286069 2.3104 0.207841 0.809017 -0 -0.587785 0.35 0.8
-0.207841 2.3104 0.286069 0.587785 -0 -0.809017 0.4 0.8
-0.109268 2.3104 0.336294 0.309017 -0 -0.951057 0.45 0.8
1.15218e-07 2.3104 0.3536 -3.25841e-07 -0 -1 0.5 0.8
0.109269 2.3104 0.336294 -0.309017 -0 -0.951056 0.55 0.8
0.207841 2.3104 0.286069 -0.587786 -0 -0.809017 0.6 0.8
0.286069 2.3104 0.207841 -0.809017 -0 -0.587785 0.65 0.8
0.336294 2.3104 0.109268 -0.951057 -0 -0.309016 0.7 0.8
0.3536 2.3104 -3.41436e-07 -1 -0 9.65599e-07 0.75 0.8
0.336294 2.3104 -0.109269 -0.951056 -0 0.309018 0.8 0.8
0.286068 2.3104 -0.207841 -0.809016 -0 0.587786 0.85 0.8
0.207841 2.3104 -0.286069 -0.587784 -0 0.809018 0.9 0.8
0.109268 2.3104 -0.336294 -0.309016 -0 0.951057 0.95 0.8
-5.67655e-07 2.3104 -0.3536 1.60536e-06 -0 1 1 0.8
-0 2.36842 -0.321541 0 -0 1 0 0.825
-0.0993616 2.36842 -0.305804 0.309017 -0 0.951057 0.05 0.825
-0.188997 2.36842 -0.260132 0.587785 -0 0.809017 0.1 0.825
-0.260132 2.36842 -0.188997 0.809017 -0 0.587785 0.15 0.825
-0.305804 2.36842 -0.0993616 0.951057 -0 0.309017 0.2 0.825
-0.321541 2.36842 1.4055e-08 1 -0 -4.37114e-08 0.25 0.825
-0.305804 2.36842 0.0993616 0.951056 -0 -0.309017 0.3 0.825
-0.260132 2.36842 0.188997 0.809017 -0 -0.587785 0.35 0.825
-0.188997 2.36842 0.260132 0.587785 -0 -0.809017 0.4 0.825
-0.0993616 2.36842 0.305804 0.309017 -0 -0.951057 0.45 0.825
1.04771e-07 2.36842 0.321541 -3.25841e-07 -0 -1 0.5 0.825
0.0993618 2.36842 0.305804 -0.309017 -0 -0.951056 0.55 0.825
0.188997 2.36842 0.260132 -0.587786 -0 -0.809017 0.6 0.825
0.260132 2.36842 0.188997 -0.809017 -0 -0.587785 0.65 0.825
0.305804 2.36842 0.0993614 -0.951057 -0 -0.309016 0.7 0.825
0.321541 2.36842 -3.1048e-07 -1 -0 9.65599e-07 0.75 0.825
0.305804 2.36842 -0.099362 -0.951056 -0 0.309018 0.8 0.825
0.260132 2.36842 -0.188997 -0.809016 -0 0.587786 0.85 0.825
0.188997 2.36842 -0.260132 -0.587784 -0 0.809018 0.9 0.825
0.0993612 2.36842 -0.305804 -0.309016 -0 0.951057 0.95 0.825
-5.16188e-07 2.36842 -0.321541 1.60536e-06 -0 1 1 0.825
-0 2.42101 -0.286425 0 -0 1 0 0.85
-0.0885103 2.42101 -0.272407 0.309017 -0 0.951057 0.05 0.85
-0.168357 2.42101 -0.231723 0.587785 -0 0.809017 0.1 0.85
-0.231723 2.42101 -0.168357 0.809017 -0 0.587785 0.15 0.85
-0.272407 2.42101 -0.0885103 0.951057 -0 0.309017 0.2 0.85
-0.286425 2.42101 1.25201e-08 1 -0 -4.37114e-08 0.25 0.85
-0.272407 2.42101 0.0885103 0.951057 -0 -0.309017 0.3 0.85
-0.231723 2.42101 0.168357 0.809017 -0 -0.587785 0.35 0.85
-0.168357 2.42101 0.231723 0.587785 -0 -0.809017 0.4 0.85
-0.0885103 2.42101 0.272407 0.309017 -0 -0.951057 0.45 0.85
9.33292e-08 2.42101 0.286425 -3.25841e-07 -0 -1 0.5 0.85
0.0885104 2.42101 0.272407 -0.309017 -0 -0.951056 0.55 0.85
0.168357 2.42101 0.231723 -0.587786 -0 -0.809017 0.6 0.85
0.231723 2.42101 0.168356 -0.809017 -0 -0.587785 0.65 0.85
0.272407 2.42101 0.0885101 -0.951057 -0 -0.309016 0.7 0.85
0.286425 2.42101 -2.76572e-07 -1 -0 9.65599e-07 0.75 0.85
0.272407 2.42101 -0.0885106 -0.951056 -0 0.309018 0.8 0.85
0.231723 2.42101 -0.168357 -0.809016 -0 0.587786 0.85 0.85
0.168356 2.42101 -0.231723 -0.587784 -0 0.809018 0.9 0.85
0.0885099 2.42101 -0.272407 -0.309016 -0 0.951057 0.95 0.85
-4.59815e-07 2.42101 -0.286425 1.60536e-06 -0 1 1 0.85
-0 2.46777 -0.248047 0 -0 1 0 0.875
-0.0766509 2.46777 -0.235907 0.309017 -0 0.951057 0.05 0.875
-0.145799 2.46777 -0.200675 0.587785 -0 0.809017 0.1 0.875
-0.200675 2.46777 -0.145799 0.809017 -0 0.587785 0.15 0.875
-0.235907 2.46777 -0.0766508 0.951057 -0 0.309017 0.2 0.875
-0.248047 2.46777 1.08425e-08 1 -0 -4.37114e-08 0.25 0.875
-0.235907 2.46777 0.0766509 0.951057 -0 -0.309017 0.3 0.875
-0.200675 2.46777 0.145799 0.809017 -0 -0.587785 0.35 0.875
-0.145799 2.46777 0.200675 0.587785 -0 -0.809017 0.4 0.875
-0.0766508 2.46777 0.235907 0.309017 -0 -0.951057 0.45 0.875
8.08241e-08 2.46777 0.248047 -3.25841e-07 -0 -1 0.5 0.875
0.076651 2.46777 0.235907 -0.309017 -0 -0.951056 0.55 0.875
0.145799 2.46777 0.200674 -0.587786 -0 -0.809017 0.6 0.875
0.200675 2.46777 0.145798 -0.809017 -0 -0.587785 0.65 0.875
0.235907 2.46777 0.0766506 -0.951057 -0 -0.309016 0.7 0.875
0.248047 2.46777 -2.39514e-07 -1 -0 9.65599e-07 0.75 0.875
0.235907 2.46777 -0.0766511 -0.951056 -0 0.309018 0.8 0.875
0.200674 2.46777 -0.145799 -0.809016 -0 0.587786 0.85 0.875
0.145798 2.46777 -0.200675 -0.587784 -0 0.809018 0.9 0.875
0.0766505 2.46777 -0.235907 -0.309016 -0 0.951057 0.95 0.875
-3.98205e-07 2.46777 -0.248047 1.60536e-06 -0 1 1 0.875
-0 2.5083 -0.206201 0 -0 1 0 0.9
-0.0637195 2.5083 -0.196108 0.309017 -0 0.951057 0.05 0.9
-0.121202 2.5083 -0.16682 0.587785 -0 0.809017 0.1 0.9
-0.16682 2.5083 -0.121202 0.809017 -0 0.587785 0.15 0.9
-0.196108 2.5083 -0.0637195 0.951057 -0 0.309017 0.2 0.9
-0.206201 2.5083 9.01331e-09 1 -0 -4.37114e-08 0.25 0.9
-0.196108 2.5083 0.0637195 0.951056 -0 -0.309017 0.3 0.9
-0.16682 2.5083 0.121202 0.809017 -0 -0.587785 0.35 0.9
-0.121202 2.5083 0.16682 0.587785 -0 -0.809017 0.4 0.9
-0.0637194 2.5083 0.196108 0.309017 -0 -0.951057 0.45 0.9
6.71887e-08 2.5083 0.206201 -3.25841e-07 -0 -1 0.5 0.9
0.0637196 2.5083 0.196108 -0.309017 -0 -0.951056 0.55 0.9
0.121202 2.5083 0.16682 -0.587786 -0 -0.809017 0.6 0.9
0.16682 2.5083 0.121202 -0.809017 -0 -0.587785 0.65 0.9
0.196108 2.5083 0.0637193 -0.951057 -0 -0.309016 0.7 0.9
0.206201 2.5083 -1.99107e-07 -1 -0 9.65599e-07 0.75 0.9
0.196108 2.5083 -0.0637197 -0.951056 -0 0.309018 0.8 0.9
0.16682 2.5083 -0.121202 -0.809016 -0 0.587786 0.85 0.9
0.121201 2.5083 -0.16682 -0.587784 -0 0.809018 0.9 0.9
0.0637192 2.5083 -0.196108 -0.309016 -0 0.951057 0.95 0.9
-3.31026e-07 2.5083 -0.206201 1.60536e-06 -0 1 1 0.9
-0 2.54219 -0.160679 0 -0 1 0 0.925
-0.0496525 2.54219 -0.152815 0.309017 -0 0.951057 0.05 0.925
-0.0944446 2.54219 -0.129992 0.587785 -0 0.809017 0.1 0.925
-0.129992 2.54219 -0.0944446 0.809017 -0 0.587785 0.15 0.925
-0.152815 2.54219 -0.0496525 0.951057 -0 0.309017 0.2 0.925
-0.160679 2.54219 7.02349e-09 1 -0 -4.37114e-08 0.25 0.925
-0.152815 2.54219 0.0496525 0.951056 -0 -0.309017 0.3 0.925
-0.129992 2.54219 0.0944446 0.809017 -0 -0.587785 0.35 0.925
-0.0944446 2.54219 0.129992 0.587785 -0 -0.809017 0.4 0.925
-0.0496524 2.54219 0.152815 0.309017 -0 -0.951057 0.45 0.925
5.23558e-08 2.54219 0.160679 -3.25841e-07 -0 -1 0.5 0.925
0.0496525 2.54219 0.152815 -0.309017 -0 -0.951056 0.55 0.925
0.0944447 2.54219 0.129992 -0.587786 -0 -0.809017 0.6 0.925
0.129992 2.54219 0.0944445 -0.809017 -0 -0.587785 0.65 0.925
0.152815 2.54219 0.0496523 -0.951057 -0 -0.309016 0.7 0.925
0.160679 2.54219 -1.55151e-07 -1 -0 9.65599e-07 0.75 0.925
0.152815 2.54219 -0.0496526 -0.951056 -0 0.309018 0.8 0.925
0.129992 2.54219 -0.0944448 -0.809016 -0 0.587786 0.85 0.925
0.0944444 2.54219 -0.129992 -0.587784 -0 0.809018 0.9 0.925
0.0496523 2.54219 -0.152815 -0.309016 -0 0.951057 0.95 0.925
-2.57947e-07 2.54219 -0.160679 1.60536e-06 -0 1 1 0.925
-0 2.56904 -0.111276 0 -0 1 0 0.95
-0.0343861 2.56904 -0.10583 0.309017 -0 0.951057 0.05 0.95
-0.0654062 2.56904 -0.090024 0.587785 -0 0.809017 0.1 0.95
-0.090024 2.56904 -0.0654062 0.809017 -0 0.587785 0.15 0.95
-0.10583 2.56904 -0.0343861 0.951057 -0 0.309017 0.2 0.95
-0.111276 2.56904 4.86402e-09 1 -0 -4.37114e-08 0.25 0.95
-0.10583 2.56904 0.0343861 0.951056 -0 -0.309017 0.3 0.95
-0.090024 2.56904 0.0654062 0.809017 -0 -0.587785 0.35 0.95
-0.0654062 2.56904 0.090024 0.587785 -0 -0.809017 0.4 0.95
-0.0343861 2.56904 0.10583 0.309017 -0 -0.951057 0.45 0.95
3.62582e-08 2.56904 0.111276 -3.25841e-07 -0 -1 0.5 0.95
0.0343862 2.56904 0.10583 -0.309017 -0 -0.951056 0.55 0.95
0.0654063 2.56904 0.0900239 -0.587786 -0 -0.809017 0.6 0.95
0.090024 2.56904 0.0654062 -0.809017 -0 -0.587785 0.65 0.95
0.10583 2.56904 0.034386 -0.951057 -0 -0.309016 0.7 0.95
0.111276 2.56904 -1.07448e-07 -1 -0 9.65599e-07 0.75 0.95
0.105829 2.56904 -0.0343862 -0.951056 -0 0.309018 0.8 0.95
0.0900239 2.56904 -0.0654064 -0.809016 -0 0.587786 0.85 0.95
0.0654061 2.56904 -0.0900241 -0.587784 -0 0.809018 0.9 0.95
0.0343859 2.56904 -0.10583 -0.309016 -0 0.951057 0.95 0.95
-1.78637e-07 2.56904 -0.111276 1.60536e-06 -0 1 1 0.95
-0 2.58844 -0.0577853 0 -0 1 0 0.975
-0.0178566 2.58844 -0.054957 0.309017 -0 0.951057 0.05 0.975
-0.0339653 2.58844 -0.0467492 0.587785 -0 0.809017 0.1 0.975
-0.0467492 2.58844 -0.0339653 0.809017 -0 0.587785 0.15 0.975
-0.054957 2.58844 -0.0178566 0.951057 -0 0.309017 0.2 0.975
-0.0577853 2.58844 2.52587e-09 1 -0 -4.37114e-08 0.25 0.975
-0.054957 2.58844 0.0178566 0.951056 -0 -0.309017 0.3 0.975
-0.0467492 2.58844 0.0339653 0.809017 -0 -0.587785 0.35 0.975
-0.0339653 2.58844 0.0467493 0.587785 -0 -0.809017 0.4 0.975
-0.0178566 2.58844 0.054957 0.309017 -0 -0.951057 0.45 0.975
1.88288e-08 2.58844 0.0577853 -3.25841e-07 -0 -1 0.5 0.975
0.0178566 2.58844 0.054957 -0.309017 -0 -0.951056 0.55 0.975
0.0339653 2.58844 0.0467492 -0.587786 -0 -0.809017 0.6 0.975
0.0467493 2.58844 0.0339653 -0.809017 -0 -0.587785 0.65 0.975
0.0549571 2.58844 0.0178566 -0.951057 -0 -0.309016 0.7 0.975
0.0577853 2.58844 -5.57974e-08 -1 -0 9.65599e-07 0.75 0.975
0.054957 2.58844 -0.0178567 -0.951056 -0 0.309018 0.8 0.975
0.0467492 2.58844 -0.0339654 -0.809016 -0 0.587786 0.85 0.975
0.0339653 2.58844 -0.0467493 -0.587784 -0 0.809018 0.9 0.975
0.0178565 2.58844 -0.0549571 -0.309016 -0 0.951057 0.95 0.975
-9.2766e-08 2.58844 -0.0577853 1.60536e-06 -0 1 1 0.975
-0 2.6 -1.00136e-06 0 -0 1 0 1
-3.09436e-07 2.6 -9.52348e-07 0.309017 -0 0.951057 0.05 1
-5.88583e-07 2.6 -8.10115e-07 0.587785 -0 0.809017 0.1 1
-8.10115e-07 2.6 -5.88583e-07 0.809017 -0 0.587785 0.15 1
-9.52348e-07 2.6 -3.09436e-07 0.951057 -0 0.309017 0.2 1
-1.00136e-06 2.6 4.37707e-14 1 -0 -4.37114e-08 0.25 1
-9.52347e-07 2.6 3.09437e-07 0.951057 -0 -0.309017 0.3 1
-8.10115e-07 2.6 5.88583e-07 0.809017 -0 -0.587785 0.35 1
-5.88583e-07 2.6 8.10115e-07 0.587785 -0 -0.809017 0.4 1
-3.09436e-07 2.6 9.52348e-07 0.309017 -0 -0.951057 0.45 1
3.26284e-13 2.6 1.00136e-06 -3.25841e-07 -0 -1 0.5 1
3.09437e-07 2.6 9.52347e-07 -0.309017 -0 -0.951056 0.55 1
5.88584e-07 2.6 8.10115e-07 -0.587786 -0 -0.809017 0.6 1
8.10116e-07 2.6 5.88583e-07 -0.809017 -0 -0.587785 0.65 1
9.52348e-07 2.6 3.09436e-07 -0.951057 -0 -0.309016 0.7 1
1.00136e-06 2.6 -9.6691e-13 -1 -0 9.65599e-07 0.75 1
9.52347e-07 2.6 -3.09438e-07 -0.951056 -0 0.309018 0.8 1
8.10114e-07 2.6 -5.88584e-07 -0.809016 -0 0.587786 0.85 1
5.88582e-07 2.6 -8.10116e-07 -0.587784 -0 0.809018 0.9 1
3.09435e-07 2.6 -9.52348e-07 -0.309016 -0 0.951057 0.95 1
-1.60754e-12 2.6 -1.00136e-06 1.60536e-06 -0 1 1 1
